# Distance Angle
10.445654 77.077438
10.122818 73.604294
10.103848 72.708084
10.132719 76.093430
12.279613 88.377625
12.298467 84.151390
12.733627 83.896057
13.340136 82.598854
12.613982 79.758278
13.024825 75.653152
10.385496 71.246712
11.905497 72.899323
10.290312 65.393257
10.744401 64.311188
9.495397 65.067406
11.170339 64.179810
12.602143 66.857910
10.375981 64.458488
11.376107 63.467793
10.676230 62.587887
11.173638 66.930771
9.788177 62.776943
11.727234 62.599312
10.495464 66.400490
13.361811 65.676277
12.832908 63.217678
13.039535 70.755310
9.568959 65.078262
10.884686 67.607140
9.113701 63.538464
9.389988 59.096355
10.699970 57.253723
11.866351 62.210789
11.082660 60.151108
9.569265 56.935192
9.889314 57.802845
10.847066 67.225029
10.759983 64.247749
10.428951 67.721451
11.457198 67.543495
14.955413 64.116653
14.367894 65.213058
12.780857 67.149529
16.387974 66.606964
16.362057 68.630272
12.897532 68.412766
16.499184 69.617989
16.360275 69.324097
15.720596 73.623466
15.812264 69.027794
18.233517 70.855614
19.777903 70.132408
20.217281 73.711647
23.014957 79.170174
20.249277 75.620483
19.904203 83.727676
22.005365 80.325836
18.924343 78.824249
23.714846 84.519600
19.552031 75.607491
17.981676 72.525139
20.863832 81.261185
21.480799 78.882492
20.947111 84.137871
24.981611 93.182304
20.077734 88.182037
19.846586 84.345360
21.785295 85.739548
24.249182 83.378311
20.786695 75.125313
20.538443 71.509918
22.132196 82.831772
23.443390 78.030830
21.816133 78.717194
24.291939 85.709602
23.773687 87.297676
25.977903 88.208862
26.343765 89.900063
28.451813 96.044670
25.903658 93.232666
26.924274 95.638756
31.166348 94.237999
30.393450 98.031906
30.437305 99.073914
32.049625 99.577675
28.618721 96.879120
26.103170 89.776176
26.820286 88.322235
29.772120 97.087959
32.174183 102.975410
33.026695 106.708183
29.171610 96.264961
27.998491 97.093910
30.382425 94.327744
27.500422 96.872963
31.542959 90.086296
30.472136 90.260666
31.683136 94.100777
24.779823 85.190483
22.269878 84.937668
21.979687 77.926239
19.347618 78.835838
21.075863 90.622208
21.938208 86.551552
25.224251 97.526894
26.760035 92.978088
29.161297 98.431511
28.650862 98.500031
24.788645 94.251083
23.810617 95.609215
25.852398 91.934029
25.839701 88.364624
26.209467 98.575249
31.074600 103.106750
30.759485 99.455582
28.909885 104.009323
28.606087 96.657478
29.447001 93.012581
33.914364 100.563896
31.362127 98.771164
28.242237 90.395866
29.720974 90.640488
31.989769 96.865013
28.987926 93.616241
25.556997 85.668503
26.635790 92.739021
30.202335 95.590752
30.072229 96.145851
29.771885 91.950523
28.492069 94.915100
31.288269 103.721077
26.709097 90.524780
33.007545 93.291306
34.986828 92.273064
33.738537 94.446304
30.994341 90.931892
35.713482 87.623276
31.970921 95.485641
32.025463 93.646729
34.887783 93.924583
35.791088 95.126213
38.077579 92.444069
31.967606 86.902435
31.371279 83.373360
30.939127 86.448479
31.931013 93.091629
33.071335 97.179367
36.384537 98.912926
38.544189 100.510704
37.966511 102.059395
39.430603 99.148331
38.790817 96.465111
37.428551 100.863785
35.471409 98.808685
34.732338 86.921440
33.396446 93.002747
32.687706 96.271385
33.292515 96.059326
33.485920 98.537415
32.972889 104.199425
30.248055 90.793541
31.457045 88.742645
32.435104 90.812515
33.512844 97.561943
30.854973 88.993019
28.556610 93.149284
26.746737 86.251465
21.616758 87.929962
22.092463 82.603638
22.688520 84.555321
19.053036 82.226501
18.625259 88.149986
21.263380 86.960381
20.695068 89.044594
18.176908 88.928978
19.964638 85.225220
22.435341 85.939629
23.890970 86.931137
24.296238 93.480896
21.469311 87.655441
26.524031 88.559143
27.663218 87.804688
25.203890 93.316216
26.881317 95.275871
23.551802 88.778847
21.303959 83.035835
21.618086 80.891907
17.877306 82.836548
17.674482 82.787231
23.064594 94.243523
25.941645 97.604866
24.836872 94.842010
23.014799 95.612427
21.500254 93.029434
22.214172 83.084351
21.202126 81.871399
18.534445 83.762001
22.557793 94.228165
19.895500 81.105301
22.126377 86.659126
21.732571 84.525032
25.844488 97.975456
26.410143 90.595154
28.113434 100.310287
27.227642 95.146820
25.161350 89.853493
24.348904 84.918999
25.216351 83.915291
27.757824 93.376831
27.723131 94.874199
27.150620 93.400215
29.301193 95.764931
24.427246 99.469910
21.174446 87.926292
23.249216 86.211594
24.004631 87.429184
26.666548 87.727638
25.698164 90.492012
24.039688 82.599182
20.891441 81.246910
21.859818 84.945618
24.917389 86.238182
28.431143 86.304756
27.867134 84.028938
27.489838 86.941536
25.898300 79.961197
22.743633 73.455086
28.961100 83.665306
22.844728 76.679924
23.630869 81.542946
22.038105 78.377769
28.303772 79.427567
26.420488 84.709160
20.397615 74.923866
25.366047 82.664642
23.243319 75.819481
18.466539 74.112282
19.682392 74.747620
21.418440 76.798210
22.938854 80.551666
23.603252 83.827911
23.246029 83.029434
26.265238 76.779007
25.283682 82.054260
32.472256 87.626457
30.051203 72.202301
21.853222 72.304863
18.164650 78.056046
20.111582 83.932899
21.602606 84.633507
22.948969 76.421249
21.116528 80.894913
20.043306 81.995361
21.298351 77.915237
20.296743 80.921844
23.234051 81.782257
23.451504 84.571701
22.907648 84.254684
22.255791 73.846519
21.733328 70.168121
22.896242 75.738266
21.681082 76.168320
23.074694 77.984245
23.062872 74.587059
22.524858 76.281349
25.684483 84.133492
27.110584 84.120010
20.061958 78.387650
24.083441 83.373909
20.825800 78.348236
19.210642 78.009315
19.498167 77.806076
19.711197 78.452477
21.130070 75.689018
14.944438 74.735733
16.805023 70.138763
15.576337 76.944061
16.080725 81.142754
18.143782 83.461418
19.618263 77.930038
18.755264 79.370140
17.144741 81.071770
17.420877 82.688309
16.921770 74.739891
16.448702 69.240158
18.156099 80.789421
20.850748 76.324799
19.228359 72.172836
21.989138 81.459251
22.406057 71.602234
22.294979 77.628754
23.651722 76.182289
24.781258 82.013252
26.893248 79.992966
24.511728 74.843178
20.617577 63.384907
18.092196 65.567436
18.426151 73.180656
16.024736 65.273170
16.690655 62.677345
14.369479 59.328190
13.383109 58.729095
17.953760 71.345833
16.735735 73.529900
19.063404 61.610260
17.746452 60.100540
16.871746 61.944687
18.572092 70.592079
17.410498 71.006920
19.641563 66.046608
14.901983 69.369659
16.311768 64.799149
14.903590 69.783325
16.534103 64.109482
15.640944 68.797394
20.662998 83.065948
19.229342 72.666595
19.941628 83.969109
22.806040 83.652794
20.419010 85.504509
21.655260 82.992928
22.332327 81.513542
22.857430 80.574776
22.846739 80.652237
20.331726 79.956383
25.539455 80.941154
25.940386 86.273705
25.335945 82.761818
20.919212 85.384201
24.346985 94.571640
18.491610 81.520988
20.268738 91.465096
22.504656 83.044197
24.444937 93.322327
17.992485 83.055725
21.355303 83.311974
19.642868 74.373558
22.812105 81.619957
20.501543 83.136581
23.086468 85.205322
20.970966 74.667328
19.887909 75.253471
20.368469 86.507484
22.289738 79.116730
19.344023 76.701355
20.936895 79.696312
19.288471 73.830147
17.137791 77.091171
21.409407 79.064125
22.340662 83.763695
22.466692 79.508293
20.020374 79.900536
22.829811 83.669701
21.871546 88.718536
22.497179 91.460175
22.843479 88.728531
20.892460 79.865692
18.769524 82.622520
20.260992 87.816856
18.902807 86.796562
21.137938 87.639648
22.351315 91.163994
20.187750 83.604362
22.847897 87.318710
24.022436 91.870049
24.633528 88.202553
24.494274 87.117241
20.673717 77.275833
19.465651 76.811684
18.408867 72.525726
20.431023 83.114876
22.041649 82.566772
20.317362 81.185883
22.440046 81.089005
22.039207 81.275452
20.202982 75.751625
21.556107 76.253525
21.994829 72.527176
23.111431 80.418427
23.654949 82.390739
23.000277 80.422882
24.762478 76.977898
25.391857 87.270004
27.635939 87.246338
23.798862 88.492638
25.542948 90.526756
26.239326 88.140999
22.803061 89.299767
25.668875 86.042488
25.920753 88.496468
24.476229 82.929253
20.668179 73.129219
22.169441 78.380653
20.666048 75.310242
20.038937 81.465996
20.697386 82.147415
24.940956 88.579765
22.981386 89.189018
26.074490 90.646149
20.486492 80.473511
23.640097 85.245361
24.569183 80.258438
22.237404 86.364700
23.041117 88.143791
25.344435 89.549507
21.727556 82.331589
24.129389 86.314186
22.532049 84.592056
21.633888 87.337448
23.455473 91.975479
26.626339 91.042709
26.401787 87.972519
23.978874 87.677277
24.756174 89.243011
24.616486 85.557457
25.291862 86.072144
24.121891 87.722374
23.100657 85.920662
20.198772 82.324875
21.161489 84.274773
19.383373 90.631577
18.474192 79.465706
19.780287 83.427773
22.129591 87.835541
23.518900 83.152237
24.708595 84.032310
23.146240 86.751167
23.617229 85.679207
26.043318 90.890907
26.192249 88.949722
24.949209 92.376167
25.149982 85.505539
23.704790 98.892326
26.184669 89.421776
28.603966 90.003975
31.009922 92.535194
30.422316 92.670853
28.532314 92.135193
27.018745 79.641525
26.508204 87.436432
25.683382 88.282913
29.937056 93.129066
30.318684 96.530418
30.399984 87.817337
26.461435 85.114708
27.464455 90.141602
26.751556 95.319771
25.178818 89.486198
24.199390 84.321182
22.798229 82.446327
24.889610 78.903091
25.172190 90.500229
24.287430 86.378006
22.700922 86.932343
20.178087 81.782867
20.800365 84.197388
19.335384 72.309761
17.810549 72.882172
20.295998 72.277023
20.297655 76.104012
21.488970 70.008827
21.790749 73.920021
19.141926 78.155144
20.843445 80.920769
19.937588 77.069290
17.216850 69.881020
19.984867 67.748398
21.260841 70.039536
19.933952 80.253349
18.181862 80.490379
23.117538 88.250687
22.482862 84.065811
21.481550 84.187668
21.088228 83.244835
19.340782 77.916069
20.929914 76.787399
17.366373 77.195686
14.704964 80.405426
17.121838 78.728592
19.669613 79.024971
22.037483 80.585854
18.692175 76.968231
20.794500 85.866508
18.253376 73.461258
22.413031 73.623070
20.603792 80.279869
20.885571 83.378387
22.450388 82.831322
25.753435 82.125511
22.160240 76.190292
19.529387 72.098633
20.423843 87.065659
22.839266 90.762115
21.080332 83.757919
23.526508 84.620438
23.584814 88.523094
26.168732 86.448708
21.270103 84.072037
19.550056 80.173500
20.684254 78.464821
19.732830 71.399811
21.084871 78.881554
21.564510 79.755180
20.576004 79.692215
20.674774 69.883934
21.564093 75.611992
25.930525 84.663620
21.759911 79.305969
21.378620 75.251892
21.825541 70.660713
20.380095 79.127151
21.926075 77.012787
21.825047 81.029007
20.746542 75.408722
20.109365 74.814323
19.721304 79.824409
19.141205 80.283318
17.428402 77.945915
19.243084 79.897354
22.878775 78.163895
19.402210 81.961830
22.395811 88.392593
21.318514 84.671707
24.172178 88.459702
19.913054 89.499039
22.001810 87.573700
18.568130 84.442978
20.704184 81.520462
27.676697 91.460968
23.970377 88.866295
23.479942 89.419533
23.024948 83.051498
19.840435 80.897141
19.272614 80.575165
19.290773 78.143814
21.492470 82.843704
16.876923 75.755157
19.293888 81.646477
21.837290 82.310349
21.265320 82.282143
22.826313 87.616890
19.437845 87.519188
22.910320 88.226120
24.348101 92.133301
26.068506 93.128235
23.256411 85.603935
22.987226 84.117249
20.489765 89.157074
26.577854 93.558060
23.422476 84.931656
20.113195 77.954094
20.463581 74.992233
17.742702 80.641403
22.016441 81.091179
19.978855 78.223656
23.231272 79.486931
19.753666 73.700287
21.253700 78.357246
21.026125 80.046432
22.664839 79.313622
23.143358 83.044991
20.666851 79.733307
19.249426 75.585548
22.889488 76.397636
22.663538 71.969429
23.203457 77.213058
24.015127 77.569664
25.467831 83.591522
25.733599 76.243034
21.932777 84.827576
21.187063 85.270767
24.179731 87.629555
22.113163 84.839478
20.814798 85.403114
19.609121 78.623901
19.864258 79.339935
23.535149 86.284653
26.018127 89.870827
25.238815 76.453568
23.186930 79.866341
21.747309 86.522194
20.806126 86.983154
23.182138 77.883865
19.967571 72.656845
17.642454 68.746643
21.912788 80.379944
23.281164 83.283615
22.162277 81.788719
20.448608 74.391808
23.522154 68.913620
24.586859 75.426758
17.778112 83.640831
23.850668 86.021507
20.248514 76.029808
23.840841 82.701546
25.474407 82.298927
20.123796 79.884361
19.073067 86.143112
22.823553 94.378914
20.728159 95.476135
25.493923 93.193741
26.466362 95.616043
24.930544 91.850876
29.623526 92.764786
30.308264 84.406334
29.760347 88.979370
27.595722 90.661919
30.478905 96.669067
29.249790 86.057205
23.863327 86.420006
26.989922 86.184631
26.481823 89.607475
24.477888 85.950546
22.772402 87.073257
22.389360 75.837738
22.445749 78.034248
20.945671 74.656670
18.447645 78.720566
22.510185 83.769760
23.068296 93.324364
21.184452 85.393723
17.954809 88.433731
19.684359 91.654503
16.600609 87.199112
16.546473 80.488419
21.715435 83.822830
23.359453 88.507751
23.683737 84.062065
25.127796 85.931221
25.499743 89.971565
23.165539 89.532745
21.595909 86.231125
22.292788 85.587036
17.752264 78.734428
19.164232 84.792313
21.575800 86.981964
17.178600 76.785248
22.133205 87.016365
23.345348 81.831421
25.526117 83.353043
25.360130 84.174217
23.448523 81.693268
24.973455 84.910507
23.403389 82.016678
22.133657 87.288605
23.806122 85.765923
22.980423 88.700302
28.144941 82.181213
29.414196 90.143219
29.378040 90.621376
30.820053 87.607231
28.119287 90.755432
28.264053 87.378456
22.148537 84.968620
24.465176 85.485336
24.077732 92.705345
25.234997 91.661049
24.933641 92.385071
23.256823 88.430420
25.842211 95.553253
24.115705 92.973618
23.972168 91.931290
24.368277 94.300697
26.738224 99.404999
29.271542 100.368126
27.036234 94.111008
28.168066 96.688835
28.985826 96.123634
25.715565 97.000198
25.806747 96.804054
25.509687 89.206451
27.426161 86.176277
23.188679 86.587997
28.769178 93.418846
26.629023 90.333046
24.354601 94.273224
27.758417 93.950348
29.504141 96.244896
29.647581 95.661560
26.887299 91.684509
30.657513 92.205223
30.835850 96.490509
28.350668 99.231323
26.243107 92.404182
25.774017 104.229401
25.784304 100.635582
23.597790 94.506882
27.317015 97.462395
25.432114 89.027016
22.723082 79.435478
24.400530 84.301308
25.821548 87.229935
25.916981 87.600739
23.305063 88.654739
23.218807 90.787674
26.328646 100.882858
31.635996 103.244789
30.247015 98.143028
28.166348 97.255432
25.805729 95.840546
22.835846 82.473419
25.764385 90.797768
28.402534 99.616905
29.445097 93.739807
25.258295 91.024483
24.785084 91.243668
25.846947 93.404228
27.240639 96.901161
28.351110 91.846603
30.643164 89.256660
28.341959 98.346283
26.709558 89.673500
29.596609 100.159225
24.996946 97.193275
25.384937 96.844673
26.563877 94.252243
24.750458 88.155296
22.610518 83.192116
19.466681 84.045708
25.047421 91.715462
24.166580 83.490738
24.693901 80.916222
24.204235 79.392822
27.928589 85.369087
30.713160 86.020302
30.617783 91.251450
27.768671 86.162628
25.639872 81.093224
26.203268 87.047546
29.546812 91.197823
26.338057 87.875496
25.437580 82.717873
28.527527 89.049942
27.904350 87.401466
26.589214 88.990395
28.748524 87.707497
30.394979 89.212578
31.121386 95.201172
30.996099 89.860756
25.123676 84.512466
25.113583 85.702423
32.914917 97.305626
32.978031 96.009865
23.959793 82.144196
28.497135 90.342072
25.283972 85.962563
26.437750 89.955711
27.675882 95.628265
31.472288 103.202713
30.534672 98.083412
31.168901 103.217697
29.978104 102.463356
29.368132 101.961884
31.041460 105.500908
28.003883 99.285881
27.020941 92.529343
27.375881 97.896049
21.136415 82.906136
23.264364 89.349266
22.562628 85.825821
22.946413 85.237503
23.797188 90.254265
22.655415 87.089233
20.689903 81.854553
16.755428 85.996780
22.501818 94.633736
25.171530 97.528206
25.343529 96.451653
26.565018 94.150253
27.814085 103.399101
24.370693 100.271889
23.700525 102.742004
21.818699 91.140587
20.896137 92.322182
21.207594 89.368690
23.620970 93.074226
23.344749 94.632492
20.384443 88.873459
25.529938 100.861557
25.200346 97.565430
24.801340 94.785980
26.494022 100.163986
25.024323 102.355362
21.810226 92.733589
24.790680 96.153351
26.770618 101.302673
21.842001 79.002426
19.534838 80.831802
18.973440 74.781487
17.268681 72.434128
19.262636 76.343079
18.944914 74.767593
24.541084 81.048050
19.571081 80.067162
23.730581 77.634193
21.218189 79.539040
18.176582 73.956596
20.760790 82.551453
16.601501 82.694145
20.531218 80.880157
21.258570 82.254059
16.995848 74.365112
21.328630 82.493027
26.261719 86.762405
24.474062 91.231224
23.383577 89.370155
23.583151 82.864746
20.419481 88.336151
24.875755 93.945267
20.814377 86.697632
21.027929 86.131966
24.294956 84.932228
24.414335 82.334595
23.733171 80.821007
22.004808 78.885178
24.811266 90.251274
21.785328 87.925148
24.843754 91.937767
20.694372 83.945396
19.246206 82.713692
21.248730 88.857193
15.116549 78.592224
21.175070 75.892876
21.927189 77.679298
21.448374 79.804924
20.610212 76.753677
19.344364 74.225922
25.905371 75.964096
25.008696 87.077400
24.411743 83.608093
23.279819 79.818138
25.679029 82.021156
24.595964 82.438881
28.206059 89.414345
22.773338 77.124901
20.030485 84.346863
23.284868 82.034515
22.886395 81.866493
23.417795 88.641953
20.123486 88.196251
24.590256 88.860222
25.981323 85.043564
25.186951 86.377113
25.073233 85.528221
24.539911 88.209084
23.262897 89.011986
25.435963 85.998230
23.826099 81.902718
23.242941 85.102928
26.026075 85.986137
20.970022 88.437599
22.715256 79.247322
21.256493 82.570503
23.734957 86.460587
20.302996 86.065834
23.572611 95.608315
28.588297 98.113441
25.293898 91.724358
28.612717 85.872704
22.717693 83.414551
20.340923 83.994652
26.615908 89.732971
27.371414 88.136871
21.670578 85.046394
19.513279 83.705849
19.320391 80.199951
19.956045 85.979446
22.398115 87.164795
26.068405 91.519775
24.141142 76.695366
26.228107 81.984360
20.893759 88.995544
21.782043 83.437988
19.177879 82.329872
18.765753 79.771645
18.479456 74.014091
18.693556 80.927681
18.523602 79.494171
16.033312 80.515244
18.517927 82.280914
17.595621 76.754364
18.930210 78.081474
20.747694 82.343422
22.462957 84.494781
24.120327 85.661247
23.303068 84.930305
22.941298 88.136925
21.824181 85.249954
27.270161 85.283661
27.862335 91.212654
25.584026 86.294167
25.573372 82.192894
26.868399 84.548637
25.152332 92.158539
25.816559 88.347076
25.096966 88.069817
28.963140 94.058205
26.783068 83.479538
25.982937 92.354614
24.618834 90.186806
26.894445 93.180672
27.078932 90.436630
23.262629 91.084404
24.521942 86.269234
22.057552 87.812294
19.203642 75.952316
23.677732 81.659363
22.800371 81.460419
25.788258 77.631355
27.257353 84.854012
21.795279 83.260033
20.677944 83.859497
28.805231 89.096756
28.171270 90.650063
28.441513 88.618614
24.715096 89.068024
26.702415 91.243164
24.765398 77.442307
31.880821 90.130676
32.868729 93.681786
29.662207 92.547096
30.186319 99.768166
32.151848 98.854591
31.539013 95.085182
32.424702 96.994308
32.776466 102.137909
30.968060 94.816650
30.401318 90.828720
27.453384 86.446648
25.560724 85.605408
30.793337 85.135986
32.328976 91.079117
32.599854 94.950020
36.196587 101.864754
31.934912 95.225853
32.613331 98.403275
31.960218 98.511078
32.483673 97.654694
30.612434 100.256081
25.417789 84.234390
23.074831 84.267174
26.056795 83.492233
31.371883 94.672112
31.341980 95.615540
29.958292 95.087257
27.154137 86.430351
29.954256 85.381172
29.263819 88.212120
29.612425 84.644783
27.199127 84.674103
24.556206 78.478050
26.706419 84.551552
25.804996 82.822823
27.696371 84.522835
27.019258 86.484215
27.597216 94.368210
27.959328 95.940010
26.465691 87.209938
23.691618 88.825691
24.223310 86.756508
25.297930 91.123497
27.686319 90.247101
26.457323 86.728455
26.292227 93.941292
23.067221 88.204208
22.853470 85.908783
27.275753 85.926384
25.681911 86.289001
21.694094 81.652130
24.099491 83.944862
25.209175 83.936493
25.150089 87.639183
26.190294 91.554420
25.758560 92.643730
27.888094 101.405212
28.333776 94.152351
28.017385 94.044144
23.595047 82.682533
29.320072 98.629807
32.381123 104.901016
30.970854 95.010948
29.722960 97.162491
32.347481 106.851685
27.897223 98.069717
31.346842 100.407578
33.386478 103.192871
30.819304 97.479836
29.505665 100.556488
29.806112 102.706306
30.545910 102.465279
31.836390 101.798592
31.010000 102.538139
29.957813 100.736290
28.423212 103.418327
31.429111 103.481522
30.424496 100.212250
27.333042 92.579941
31.338741 100.694214
28.626518 93.757759
31.146242 96.038162
30.207264 102.153297
29.991856 94.449783
29.566994 96.867775
27.540014 96.113564
26.798662 92.685471
30.036488 99.903435
34.308201 95.252380
31.764109 97.223763
27.202070 91.671944
25.437010 86.425995
29.188206 97.256493
31.556318 101.311050
29.304958 90.631989
30.264372 97.423599
31.872688 97.575966
30.420273 103.038368
28.491611 97.339485
26.189297 90.397430
28.730772 97.687508
31.576658 98.701180
33.369129 97.662003
34.056751 102.336769
33.420979 105.053062
32.871929 100.622948
39.613186 103.086334
34.823235 99.553986
32.867180 100.759323
30.384567 95.510330
31.322533 98.034378
33.995319 103.360359
30.211330 99.260612
34.350956 98.742180
32.971497 97.339447
30.528494 106.376534
31.566717 106.404709
31.204094 103.852654
33.349125 102.931320
30.909708 105.860161
34.198681 106.357025
34.598988 101.686356
30.460369 97.953461
29.140202 99.233704
27.832539 92.437027
28.863773 92.881424
30.444851 90.289978
30.021751 92.470100
29.352058 94.500839
27.873726 97.859962
31.533522 102.281342
32.622795 106.665710
31.442495 99.601784
34.276939 102.333153
34.798565 108.326797
32.261463 107.233803
28.583090 101.163834
31.681944 93.807373
29.960711 101.314156
30.547169 96.241966
29.564783 92.780373
30.078192 89.666168
28.108778 89.354027
30.144293 101.053001
29.655247 98.905014
32.573040 97.463364
29.938370 102.266045
31.600216 101.149040
30.250555 96.968185
30.937469 102.939423
27.816202 98.492271
32.149078 95.893448
31.558619 98.811569
32.362854 100.200531
29.742514 102.276031
32.691269 106.784195
33.989014 105.236870
34.030220 105.364754
34.535198 105.146202
34.983307 98.374161
34.060532 101.609215
34.564915 105.111755
33.033764 109.470886
33.604267 101.514923
36.164600 108.709305
32.036045 105.716385
35.538460 104.982674
35.418591 103.681427
32.402435 100.030403
32.436401 101.428490
31.781771 97.510529
34.689632 108.137138
31.820238 100.084084
35.484440 104.844582
31.497725 98.715508
34.465698 100.095139
33.833424 108.074852
32.146980 101.697830
35.347225 110.326859
29.662373 100.857635
31.706848 110.817932
34.678394 112.367325
35.846294 105.328552
33.896038 108.930603
34.230717 106.821022
33.087128 97.681732
28.666033 94.535034
27.556255 92.844681
31.451754 94.314827
30.442213 95.080353
34.695919 105.475182
34.145748 104.126183
35.460697 104.330688
36.764221 107.328293
32.403503 108.023788
34.230019 106.807930
32.718533 100.527565
36.718231 106.184273
34.813801 105.487305
33.616974 112.895157
32.196404 105.910278
33.602001 110.211578
31.756760 96.712158
32.135956 102.937126
34.920921 106.740738
33.076904 113.390465
29.450745 103.227547
