# dom1_core dom2_core
17.113266 22.510825
16.810401 22.701626
16.857804 22.630866
16.992471 22.751583
17.425402 22.224685
17.175881 22.074605
17.113538 22.404237
17.510369 22.129845
17.178875 22.179054
17.177822 22.582291
18.228940 21.985768
17.918171 21.964723
17.615553 22.580778
17.162744 22.452335
17.002451 22.779654
17.271273 24.012621
16.862572 23.154665
17.449630 23.140211
17.275988 23.381032
17.018860 23.556178
17.231887 23.131365
16.952802 23.312871
17.954558 23.317428
17.196161 23.190759
17.619885 22.786207
17.462733 22.814422
17.498842 23.252379
17.868852 22.935623
17.902817 23.765916
17.790545 23.425699
17.556811 23.320201
18.058461 23.682611
17.650512 23.276408
17.526826 23.183244
17.785664 22.858520
18.385730 22.930506
18.865927 23.661138
19.239587 24.182254
19.277212 23.702850
19.171265 23.505547
18.474644 23.884644
18.318113 22.406159
18.074585 23.198696
18.813156 22.619873
18.980715 23.564836
19.145107 22.945888
19.449047 22.572298
18.567495 23.239479
18.999076 22.332218
18.700252 22.629813
19.801284 22.504024
19.351151 22.489068
19.190324 22.537909
18.368119 22.918008
18.534008 23.040997
19.096860 23.011255
18.708270 22.242520
18.543979 22.659052
19.358365 22.272759
19.512545 22.225515
19.839106 22.276800
19.240786 22.392134
19.502347 22.770467
19.839258 22.783662
20.350428 22.683508
19.583553 22.613226
19.962123 22.900823
20.479797 22.493372
19.351470 22.795644
18.957641 22.314577
20.018515 22.782397
19.671886 22.532507
21.059709 22.850931
20.089470 23.307560
20.420944 23.646424
19.524773 23.284917
19.867132 23.705595
19.952395 22.822506
20.190655 22.899152
20.393855 22.947752
19.083107 23.099186
19.033542 23.003756
19.525900 22.849504
19.082421 22.780030
19.411328 23.097649
19.638935 22.809494
19.313647 22.679501
19.827188 22.446139
20.155861 23.068743
20.740188 23.614054
20.560440 23.421686
19.684291 23.074741
19.264107 23.218406
19.430079 23.354146
19.932972 22.933614
20.087627 22.799780
20.176721 23.109818
19.614073 23.374709
20.736593 23.112479
20.049073 22.902138
20.194335 23.085132
20.427814 23.582888
20.413583 23.249726
20.733327 22.872426
19.211048 23.121938
20.739536 22.333415
20.646487 22.655396
20.148466 22.714103
19.952028 23.397448
20.021468 22.572336
19.821948 23.029755
19.821570 22.796035
20.237704 23.482857
20.205632 23.063442
19.674568 23.129618
20.030693 23.537757
19.713276 23.367449
20.491073 22.949841
20.189189 23.040005
20.305410 22.828664
20.581864 23.270106
20.025406 22.733453
20.517197 22.797866
21.590338 22.842005
21.149321 22.953889
21.086969 22.609874
21.539518 22.805644
21.659192 22.542192
21.521208 22.582781
22.080613 22.097541
21.546504 22.669287
21.482581 22.782307
20.579538 22.861015
21.490565 23.490448
21.676964 23.331934
20.726619 22.758453
20.822152 22.684821
21.480896 22.809887
22.041704 22.726202
21.042502 22.777857
21.120712 23.311827
21.498925 22.956770
20.569561 22.778306
20.524494 22.521787
20.480187 22.572284
20.323681 22.673499
19.784788 22.902299
20.597442 23.290745
21.728418 23.130005
21.161146 23.135099
20.813552 23.633865
21.838824 23.107681
22.103125 23.335077
22.454329 23.371793
21.969115 23.641412
21.977355 23.097295
22.999077 22.830504
24.153766 22.396582
24.652903 22.491619
24.633591 22.761292
24.267570 23.094256
24.005121 22.909896
23.955738 22.753818
23.472896 22.945587
23.493468 23.414930
22.996765 23.680706
22.592625 23.482710
23.226444 22.897005
23.834440 23.473144
24.215702 22.425312
23.962138 23.016502
24.204190 22.389229
24.925467 22.561699
24.439438 22.153773
23.958247 22.313931
24.527160 22.289236
24.333887 22.985165
24.258897 22.697196
23.566108 22.855019
22.737250 22.657680
21.479251 22.859080
22.883499 22.759538
22.825691 23.643069
23.293153 23.536842
23.371222 23.490361
24.041022 23.652798
23.394853 23.551119
22.920097 23.241946
23.944955 22.902509
23.314937 23.531144
23.989174 23.012900
24.065548 23.711151
23.849315 23.033798
23.863289 23.320214
23.820996 23.217844
23.977384 23.141966
24.063505 23.104161
23.683527 23.706274
23.476860 23.495378
24.098477 23.188123
24.730796 23.348112
25.315638 22.786941
24.755584 23.711156
24.800878 23.632551
25.634350 23.472759
25.710526 23.064369
26.101741 22.862706
25.492073 22.833146
25.624672 22.982015
25.299052 23.200844
25.683423 24.307562
26.113810 25.171271
26.167435 24.533356
25.200556 24.137259
24.691976 24.048604
24.498251 23.757598
25.193328 24.415381
26.065797 23.158569
26.127310 24.305830
26.166976 24.672870
25.786057 25.295507
26.113204 24.897015
25.430552 24.872555
26.164678 24.872918
25.679040 25.296824
25.861329 25.211684
25.888410 24.977339
25.254538 24.383463
24.841150 25.090834
25.618006 24.416125
25.568330 25.299077
25.520901 25.191749
25.601028 25.120200
26.058855 25.148213
25.993894 25.333054
25.827401 24.275608
25.405662 25.277318
25.258726 24.912551
23.774925 24.808223
24.413361 24.084638
25.174558 23.789376
24.924493 24.611412
24.754912 24.531605
25.285427 25.025299
24.738225 24.994064
23.791687 25.476885
24.811567 26.536307
26.155833 25.535159
26.138564 25.595344
24.147380 25.720902
24.227854 24.901880
25.242341 24.570213
24.634342 25.996324
24.292903 25.246826
24.890542 25.260975
24.984559 24.940397
24.763508 24.721770
25.423327 24.726023
25.161123 24.640292
24.820401 24.500180
23.380431 24.203945
24.045945 23.835755
24.870392 24.374753
24.356436 24.273994
24.331424 24.278704
24.236653 24.762768
25.340253 24.531275
25.180418 25.123281
24.627640 25.286385
25.158042 24.915891
25.536899 24.982869
25.109640 25.174124
25.778748 25.519559
25.691542 24.886675
26.164110 25.213612
24.794483 24.057449
25.277547 24.496556
23.654320 25.007871
24.572700 24.948025
24.225571 25.081857
25.043969 25.304314
24.254130 25.720305
23.980890 25.728064
24.176993 26.459604
23.376439 26.456265
24.335847 26.198405
25.097335 26.475110
25.757102 25.477441
25.882405 25.144112
24.680520 25.176701
25.270652 24.610609
25.900736 25.361693
25.540271 25.173715
25.924938 25.711407
25.855480 25.795608
25.881109 26.322294
26.128958 26.300382
26.006231 26.198091
25.271276 25.680097
24.531486 25.902423
24.207780 26.581791
25.457774 26.156731
25.577788 26.238544
25.703188 25.557402
26.131007 25.369872
26.183351 24.652819
25.470885 25.410654
26.224973 25.510042
27.264259 26.234449
26.853909 25.974983
26.012877 26.341255
26.399769 26.104221
26.837857 26.217976
27.384028 26.016671
27.177542 25.463685
27.328321 26.248777
25.753446 25.850658
25.739791 24.928077
26.747617 26.123747
26.114727 26.129577
25.761657 26.030358
26.203705 25.581587
26.096726 26.263017
25.914505 27.187177
26.052109 27.674783
25.938804 26.812337
26.003995 26.689291
26.745084 27.238176
26.163152 26.625215
26.548589 26.598508
27.088776 26.250589
27.417816 26.014841
27.030897 26.553515
26.366772 26.678238
27.235424 26.522819
26.830878 26.735468
27.537603 26.786356
26.471822 26.053036
26.726013 25.895273
27.207316 25.894039
26.295730 26.616868
26.347260 26.713001
26.363943 26.683847
25.497295 26.275229
26.373002 25.533324
26.306117 25.193383
25.831313 25.239321
25.065082 25.143999
25.455020 25.299342
25.039536 26.994611
25.733566 27.186022
25.418894 26.632989
25.597240 26.298666
26.247154 26.888973
26.176948 27.091577
26.128054 26.381295
26.117510 27.848462
27.211261 27.561171
26.151028 27.583335
26.025636 27.569894
26.007017 27.407611
26.256438 26.899157
26.103344 26.707634
26.323043 26.913124
26.570408 26.031590
26.847073 25.811730
25.931717 26.407867
26.416088 26.983235
26.168640 26.348254
26.786854 25.900345
27.840771 25.169088
27.140283 26.463743
27.302225 26.235026
27.095153 25.929976
27.292079 26.583267
26.329284 27.025402
25.692046 26.860545
25.608228 26.689766
26.523417 26.576164
27.407311 25.743930
28.165134 25.577564
27.879995 25.643187
27.630581 26.858812
27.031254 26.443015
26.790269 26.270047
27.632216 26.406683
27.097808 26.600700
27.955735 25.656890
27.322257 25.951503
27.174953 25.373977
27.291529 25.874527
26.979508 25.707891
25.678742 24.949532
26.548343 24.972817
25.798039 24.970207
25.157453 26.472074
24.954841 24.872379
24.363649 25.391564
25.561533 25.389388
24.813121 25.594339
24.356555 25.845149
23.613073 25.296149
24.385722 24.396647
24.447814 25.509173
24.783353 25.129102
24.775223 24.891569
24.606609 25.668085
24.429656 25.845486
23.864184 25.735125
24.030481 25.989093
24.037187 25.785650
23.932725 26.665244
24.196256 25.648669
25.015210 25.858512
25.131489 25.949931
25.494363 25.913017
24.952574 26.689753
24.970470 26.324219
24.456648 26.268769
25.143189 25.694229
25.903106 26.257704
26.857655 26.023872
26.449071 26.020210
27.157614 26.398687
26.132815 26.084213
26.761413 25.982247
26.445162 27.232440
26.669724 27.234270
26.652809 26.284829
26.206351 26.417248
25.403734 25.713470
25.958183 26.122511
26.191309 25.815446
26.975139 25.710736
26.769824 26.336083
27.183388 26.451556
26.185922 25.650782
26.121375 25.768165
26.654536 25.570461
25.464662 25.808693
26.084958 25.972056
25.981088 25.668207
25.845993 27.224397
26.008181 26.403158
26.159571 25.732358
25.774857 25.545609
26.120361 26.226156
26.945062 26.722267
26.609160 26.952902
27.056912 27.166842
27.305449 26.494469
27.167851 26.542683
26.933971 26.391004
27.633451 26.428842
27.390928 26.669326
26.154603 26.187336
26.750850 26.271966
25.494474 26.593288
25.510215 25.942707
27.165514 25.936734
27.645674 26.316442
28.038283 27.043297
28.593939 26.185113
27.656075 25.937058
28.397640 26.381084
27.849175 26.254318
28.046372 26.861198
28.351701 26.935506
28.519743 26.959534
28.703478 25.597169
28.932835 26.558114
28.761425 26.525799
29.551834 26.622395
29.784239 26.948632
28.623332 26.778457
28.385036 26.269443
29.342539 26.400931
29.705540 26.229634
29.018067 26.435602
29.182134 26.168273
28.249171 25.999081
27.626294 25.001489
28.547585 25.785251
29.225180 25.940591
29.241104 25.755246
28.720523 25.661471
30.149227 25.356441
29.698151 26.462619
28.554846 26.255282
28.675936 26.343538
27.771958 26.059637
27.519519 25.226894
27.405966 25.815741
26.869545 25.355368
26.106119 25.807193
25.454627 25.419666
26.490426 24.938260
27.038544 25.345924
26.745182 25.746929
26.617667 26.200096
27.565860 25.733477
28.050112 26.027044
27.161818 25.214602
28.055732 25.836025
28.219096 26.061912
27.606049 25.806492
28.441760 25.918515
27.988886 26.315960
28.587876 25.679201
28.093338 25.016761
27.235361 25.997220
28.123572 26.162052
29.051439 25.665684
28.527624 25.802390
28.253188 25.819815
29.094697 26.190456
28.517750 25.602481
28.485893 26.470514
28.950004 26.387874
28.083475 26.598462
28.516402 26.824410
27.671160 25.786708
28.946673 25.407388
27.794828 26.285126
27.957315 25.426066
29.002185 26.077173
28.555776 26.404583
29.497749 26.099362
29.670056 26.478521
30.437189 25.688397
30.716487 26.278431
30.441431 26.031297
29.977301 26.333450
29.877682 26.650074
29.984961 25.712931
29.832639 27.059394
30.643373 26.836227
30.023283 26.484752
30.105942 26.654239
30.927981 26.838050
29.894920 26.475613
29.799746 26.138113
29.333943 26.228344
29.909498 26.406096
31.185003 25.795286
30.649096 25.726033
29.397651 26.428418
29.727105 26.649287
28.922385 26.371930
30.403526 26.255092
28.561138 26.097829
29.281790 25.802556
30.360975 25.498042
30.519007 25.137605
30.866225 24.718984
31.359417 25.537049
30.616889 25.803869
30.311617 25.410073
31.329606 25.616147
30.672629 26.078058
30.374141 25.888703
29.767751 26.059943
28.868197 26.242651
30.577835 25.784252
30.845637 25.815560
30.808667 25.745197
31.275315 25.320385
29.427654 26.114744
28.982258 25.799835
29.965118 25.312007
29.092844 25.327370
30.272044 25.089725
30.577745 24.093618
30.160240 25.808635
29.209417 25.266734
28.571915 25.050782
28.940192 25.223427
29.748814 25.569051
29.805143 25.633237
28.868564 25.977460
29.022023 26.172299
28.637322 26.392514
29.673839 26.370466
29.006712 27.073008
27.932387 26.749013
28.590241 27.521619
29.772992 27.085138
29.853868 27.034015
30.006986 26.782588
30.914167 26.850625
30.894763 26.402769
30.870794 26.049372
31.768294 26.508056
31.019736 26.188159
31.429329 26.506973
30.907398 26.721441
30.826719 26.347794
31.364114 26.188318
31.106550 26.628891
32.031312 25.948562
32.430152 25.554646
32.662152 25.133459
32.744119 26.607330
31.096117 25.941158
31.555125 26.075273
31.678229 25.816439
31.317861 26.893581
30.710469 26.320947
30.207127 27.066479
30.235828 26.659062
29.825751 25.916414
29.355072 26.213113
30.310787 25.807004
30.358152 26.334589
28.745855 25.963170
29.598126 25.554466
30.505499 25.177844
30.375928 24.540619
30.807104 24.825803
30.387438 25.511310
30.640295 25.079623
29.841138 25.791254
30.260360 26.416529
30.322000 26.406081
29.279411 26.280150
28.816147 25.609521
28.403163 25.764599
28.312166 26.318223
28.989537 25.500851
28.868081 25.938664
27.539541 25.735804
28.898468 26.408793
29.326968 26.412693
27.857530 26.132647
29.622122 25.759129
29.572004 25.692393
29.044297 26.031729
29.668521 25.491475
29.340571 25.679507
30.091227 25.340563
29.605612 24.689662
28.963744 25.552927
29.887489 24.354767
29.130391 24.632629
28.943902 24.482730
29.807976 24.210637
29.561224 24.888274
29.254891 24.651745
29.425453 25.509381
30.243286 25.093602
29.271900 25.071489
30.052245 25.563824
29.334512 25.041022
29.255119 24.531198
30.168760 24.385835
29.435279 24.872971
29.416054 24.301649
29.571435 24.948613
29.269949 24.299516
29.685679 24.149361
29.066445 25.143179
29.355391 25.245331
28.967125 24.670111
28.671816 24.865222
28.350722 24.482964
27.667037 25.106113
27.017583 25.237092
25.884126 25.205696
25.404088 25.033573
25.469954 24.423148
26.555697 24.225784
26.468300 25.014290
26.920637 24.496703
26.390168 23.924946
26.127968 24.413069
24.667629 25.252777
26.008734 24.165600
26.039048 24.433053
26.511319 24.585276
26.120904 24.598026
25.089068 24.876152
24.087789 24.767941
25.358492 24.214472
24.902403 24.812344
24.261134 24.423490
24.452823 24.598095
25.074118 24.634940
25.173481 25.138832
25.246057 24.984843
24.328115 24.842808
25.868026 24.460391
24.718059 24.944999
24.902177 25.125523
25.029393 25.672173
24.649465 25.008744
24.347402 24.916827
23.994806 24.314732
24.046257 24.399247
23.756129 24.718512
23.720641 24.807229
23.818823 24.176659
23.931073 24.593859
24.827861 24.416559
25.069320 24.199726
24.574764 25.152097
24.040731 24.569361
24.982801 24.822582
25.360872 25.273849
26.052363 24.168833
25.326816 24.374833
25.690233 24.429860
25.584864 24.315499
24.767677 25.500382
25.669032 24.746264
24.792685 25.350834
25.079576 24.115379
24.983709 24.061522
24.608013 24.295344
25.810583 23.880811
26.848695 24.090996
26.749529 24.757224
25.812020 24.382379
25.335472 23.909465
26.372631 24.168033
27.041112 23.900514
26.897488 24.281941
26.412800 24.504193
27.104397 24.193541
25.794802 24.247624
26.089631 24.259078
25.865082 24.948579
27.258332 24.136087
26.953779 24.959973
26.757564 24.993619
25.624093 24.684980
26.105647 24.755195
26.057255 24.443896
25.267163 24.146210
24.568678 24.822072
25.482281 24.354402
24.934469 24.299054
25.455698 23.586328
25.594688 24.104991
25.507689 23.892561
25.525633 24.183013
25.740013 23.549850
25.478672 23.544001
24.449660 23.894469
24.123077 23.734352
23.881648 24.633033
23.826328 24.688947
24.487519 24.945278
24.333725 24.981941
24.208448 24.738697
24.499319 25.471229
24.918324 25.536749
25.296687 25.588494
25.182866 24.866997
25.130531 24.848218
25.801225 24.873434
26.129869 26.082387
26.280226 25.190293
25.802722 25.269980
25.422430 25.366982
26.245375 24.355259
26.576523 24.337340
26.578373 25.284537
26.093924 24.136850
26.172129 25.111593
26.216123 25.323394
26.328809 24.941473
25.885130 25.839028
25.270030 25.507546
25.535972 25.108061
25.976592 25.104443
25.654103 24.713558
24.542851 24.787804
24.805872 24.504597
25.601047 24.374400
24.943559 24.370686
25.859387 24.289309
25.258377 24.444064
25.149512 24.115443
24.344690 23.621069
23.947090 23.827616
23.745471 24.128938
25.079424 24.901320
24.654579 24.212320
24.042989 24.093185
24.093203 24.952899
24.450332 24.658337
24.247102 24.702940
24.655945 24.245132
24.617413 24.025482
24.292341 24.082655
24.012518 24.583178
25.115661 24.798007
25.044268 25.316481
25.746732 24.603926
25.158887 25.238419
25.962358 25.030821
25.974529 24.688481
26.281497 24.787913
25.811325 25.220145
26.055512 25.377981
26.594037 24.901418
26.266431 25.633673
27.604434 24.786039
28.130155 24.322364
28.236354 25.350729
27.238597 24.849312
28.127716 24.989184
27.400760 24.861235
27.609963 25.324069
27.020768 24.764535
27.296651 25.484083
27.693535 24.556687
27.164386 24.930704
27.537885 24.834447
27.141368 24.216796
26.995565 24.662474
26.732882 25.001882
26.251294 24.387264
26.503020 25.392580
27.210279 24.788655
26.650267 25.051376
26.879540 24.770257
28.211526 24.227362
28.448407 24.429500
27.918379 24.005545
28.012831 24.206844
28.581539 23.966217
28.899800 25.010532
27.783067 24.475184
28.130335 24.740856
28.514708 24.773347
27.864676 24.500782
27.648904 24.587211
26.922077 25.007943
27.514359 24.447121
28.299721 24.864588
27.569645 25.110358
27.134651 24.754640
27.747056 24.955909
27.134399 25.545786
26.853646 25.811582
26.470508 24.736681
26.179346 26.209242
26.054100 26.029054
25.701090 25.138032
25.534267 25.267877
25.513106 25.076426
26.146228 24.511955
26.556800 24.975659
26.703702 25.460011
26.726170 24.502949
27.438645 24.446760
25.860182 25.095310
25.400385 26.115383
26.311125 24.960106
27.195562 24.922807
27.687042 24.403999
27.418392 24.939785
28.107478 24.177832
27.232415 24.855145
25.991378 25.039889
26.649297 24.650883
26.732194 25.261598
27.280199 24.834463
27.541718 25.224911
27.210989 25.112737
27.158789 25.002031
27.897749 23.978681
27.283999 23.920954
26.782405 24.907452
26.686030 24.642364
26.979981 24.882626
27.470928 25.235401
28.263279 24.457684
27.021678 24.305176
27.091256 24.562308
25.722242 24.338983
27.839552 24.682893
27.198251 24.530224
27.706460 24.107204
28.184042 24.086667
28.484328 24.472400
29.025194 24.474948
28.854930 24.790187
28.648822 24.699268
28.361689 24.557942
28.769946 24.673400
27.956230 24.372381
27.825952 24.575074
27.371934 24.577963
27.911834 24.647267
26.582741 24.502348
28.087127 23.510409
27.482505 23.523729
27.197753 23.050861
28.826060 23.396790
28.042700 23.209008
27.803535 22.960061
27.980646 23.449682
28.796938 23.139096
28.244523 23.161322
28.653482 23.813608
28.773214 23.351959
28.780050 24.011089
28.942882 23.323565
28.122650 23.570346
27.804166 22.806196
27.645239 23.162707
26.929292 23.589858
26.683315 23.857959
26.822216 23.866253
27.022059 23.924174
27.146352 23.459701
26.611630 23.514506
26.817600 23.388877
26.785674 24.244128
26.231744 24.523074
27.618657 24.089131
28.161519 23.982747
28.720314 24.112242
27.804471 23.013269
28.432830 23.677057
28.627561 23.492555
28.082944 24.338187
27.568650 23.096598
26.369004 23.986097
26.298481 24.049282
26.545328 23.686352
27.381305 23.760091
27.782567 23.469426
27.711267 23.519015
27.509020 23.466859
27.286229 23.417231
27.604492 22.777250
28.137400 23.584296
28.429515 23.267041
28.199441 23.305437
26.737631 23.113741
26.522646 23.325093
25.362696 23.305851
24.313686 22.793458
25.180831 23.096773
25.773979 23.302382
25.664230 23.501394
25.684777 22.923125
25.824221 23.178111
27.162933 23.534308
26.605864 22.733903
26.391742 22.840727
26.941631 23.324638
26.662526 23.649920
27.398455 23.187210
27.947519 23.159616
27.976382 23.020497
27.540872 23.077115
27.079341 23.909875
27.483086 23.528361
28.416597 23.733727
27.823932 24.164575
27.044843 24.287913
27.503225 23.560212
27.037258 23.160054
28.437160 23.233118
28.865281 23.133640
28.813338 22.799769
28.472972 23.087707
27.932234 22.940208
27.499298 24.020128
28.939182 23.485206
29.678806 23.261682
31.188886 23.458341
29.161294 23.164689
30.547027 23.591523
29.584664 22.888185
29.323577 22.785820
29.959784 22.229094
28.893376 22.827020
27.881702 22.604910
28.518814 23.469079
27.085925 23.322740
26.549789 23.742068
26.365847 23.980645
26.043343 24.016784
26.600050 23.023155
26.517615 23.652803
27.037405 23.751953
26.642367 24.203291
26.925565 24.036056
26.894460 23.718681
26.853582 23.814220
26.979321 23.492981
26.639433 23.964671
26.220361 23.662824
26.588280 23.294622
26.730554 22.760513
27.446435 22.878294
26.843956 23.544065
26.684590 23.536459
25.965084 24.035173
26.497884 23.440775
26.825898 23.066216
25.991850 22.960929
26.298660 23.422718
26.615544 23.894740
27.044991 23.396525
27.359856 23.320800
26.665630 24.003729
26.891670 23.059939
26.407249 23.200237
25.955385 23.141344
26.332940 23.431531
26.680760 23.117295
26.537471 22.936652
26.111159 23.647869
25.807080 22.921337
26.101163 23.006108
26.332980 23.589069
26.359857 23.621559
25.802469 23.295640
26.978928 23.475053
27.316212 22.961679
27.042860 23.065610
27.252814 23.736947
26.206733 24.264780
27.247880 23.232413
26.972027 22.871055
26.238597 22.746934
26.627757 23.004102
27.813137 23.021741
26.866976 23.561690
26.280126 23.658864
26.655171 23.164772
26.235530 24.213519
26.891364 23.146423
27.095683 23.393127
27.195498 23.251478
27.591909 23.204107
27.075699 23.786615
27.949952 23.056259
27.167722 23.727356
27.316383 23.043146
27.870425 23.168192
27.351455 23.498782
27.614579 23.791547
27.166987 23.647322
27.352009 23.419236
27.497048 22.468623
27.543633 22.803614
27.550097 23.027250
27.987149 23.109020
27.434152 24.221827
27.757233 23.644404
27.604815 24.046593
28.511042 23.842166
28.374045 23.724921
28.201371 24.092269
28.787132 23.798512
28.863151 24.051401
29.827307 24.014794
29.136481 23.903884
29.166323 23.672207
28.243339 23.018384
26.151166 23.701466
25.301207 23.602780
25.104235 23.788831
26.103988 24.002086
25.570904 23.279161
27.451887 24.275160
26.325275 23.925786
25.912460 23.627087
26.466320 23.352188
24.855092 23.575022
25.317480 23.288566
24.146657 23.537857
24.534636 24.476409
24.113772 23.781480
24.867439 23.507265
24.426909 23.800922
24.888037 23.699918
24.094679 23.676492
24.207608 23.456113
24.310733 24.097523
24.791718 23.529450
24.504709 23.551067
25.456559 24.233326
25.451015 23.443566
24.753469 23.174069
24.901852 23.884865
25.491732 23.361281
25.052725 23.443645
23.542030 23.621343
23.376271 23.532771
23.583765 23.697378
23.917929 23.595015
24.524536 24.112395
23.707741 23.209299
23.924838 23.428078
23.563893 23.719006
23.135485 23.575271
22.624539 23.928239
23.071567 23.436435
22.811889 24.256419
22.671861 24.599139
23.810628 24.278838
23.400633 24.173753
24.684734 23.445097
24.075867 23.300699
24.501747 23.095285
24.276380 23.908508
24.120352 24.003791
25.256985 23.347853
25.027763 23.395677
24.823631 24.123783
25.672752 23.699670
24.859351 23.392384
24.538140 23.337817
24.465993 23.415491
23.268545 23.493981
23.129445 23.735315
23.731544 23.474280
22.898974 23.604043
22.875405 23.039931
23.310011 23.218407
23.831577 23.574959
24.451874 23.524100
25.663745 23.589555
25.381890 23.425835
24.501584 23.302174
23.345218 24.084378
23.780893 23.281974
23.887319 23.803783
23.465081 23.830418
24.189613 23.277402
24.325290 23.493412
23.986625 23.723603
24.905203 23.599151
24.540315 23.661159
25.293005 23.500027
25.331033 23.811212
26.077198 23.957306
25.450287 23.915824
25.704619 23.881186
25.026274 23.915794
25.428338 23.693097
24.943817 23.958449
24.924470 24.829964
24.930896 25.101914
24.958603 24.061618
25.988713 24.203370
25.799108 24.295488
25.887862 23.483878
25.835286 23.904720
25.630485 23.892432
24.744894 24.309047
25.416181 24.274658
24.743237 23.685394
25.576765 24.088059
25.345885 23.359333
25.577275 23.888403
25.334775 23.913029
25.522412 23.882088
26.800688 24.237460
26.476188 24.390598
26.376743 23.960504
26.944230 24.326739
28.157901 23.643392
28.141745 24.216104
27.953402 23.928736
28.694601 24.357919
28.173796 24.628883
27.015178 24.379907
26.086331 24.164438
26.101536 24.337859
24.690544 24.103384
25.310543 24.437812
25.145908 23.894947
24.707636 24.285142
23.778947 24.387513
24.291682 24.542554
24.257186 24.294711
23.972591 24.345503
23.349261 24.033208
24.814433 23.943504
24.397455 24.191010
24.452307 24.192585
23.560351 24.238468
24.423684 23.399823
24.235041 23.724518
23.943989 23.346171
23.742931 23.578220
23.388692 23.411329
24.371401 23.532641
23.717793 23.716726
24.236457 24.213725
24.062266 23.657124
24.469180 23.320670
24.080033 22.612958
23.798836 23.121923
23.790596 22.769970
23.573235 23.077192
24.029969 22.867017
24.708180 22.491355
23.765356 23.481435
23.446386 23.197667
24.003172 23.463959
23.881558 23.569383
23.321071 23.197915
23.679069 23.456806
23.141098 22.682841
25.511196 22.534603
25.013099 22.877361
25.090001 22.982307
24.475093 22.744050
24.467203 23.135509
24.681747 22.811337
23.830533 22.510307
24.798514 23.549859
23.989882 23.258474
24.462044 23.241560
24.414887 23.465505
23.996000 22.981860
24.798408 22.883708
24.485587 23.316308
24.486728 23.968156
24.694526 24.382326
24.237530 23.657613
25.291625 23.825980
25.261031 24.020970
24.628622 23.982845
23.745290 23.645271
23.997283 23.808677
25.392411 23.545881
26.114815 22.317221
24.292750 23.367829
24.464162 23.535211
24.732463 23.411312
23.806582 23.495192
23.664507 23.076384
22.985412 24.192077
24.080140 23.382475
23.619977 24.023563
23.443701 23.896796
23.953726 23.546628
23.407929 23.805687
22.985215 23.681778
23.275405 23.688014
23.216185 23.331631
22.728983 23.814456
23.316233 23.177448
22.784136 23.974207
22.469042 24.420863
23.066320 24.212958
22.459086 24.401148
23.138381 24.980898
24.634687 24.732893
24.386970 25.277812
24.526064 24.831028
23.865614 24.679928
23.320515 24.884203
23.636918 24.160408
24.471621 24.696537
23.999855 25.478867
23.425681 25.403875
24.139754 24.719416
24.668289 23.821673
25.101373 24.649456
24.455360 25.106875
24.649278 25.247697
24.346859 25.163129
23.918084 24.762620
23.446990 25.248912
23.066781 24.817924
23.220486 24.663827
24.363401 23.750609
23.554279 24.934234
23.335139 25.026919
24.457259 24.091016
24.698905 24.516348
24.688486 24.028312
24.478201 24.806121
25.415478 24.316018
25.611515 25.019998
25.738919 23.887374
25.378411 24.274827
24.810541 24.611143
25.750256 24.096987
25.796569 24.262078
25.509101 24.778590
24.734740 25.122429
25.008342 24.825244
25.463822 24.303209
23.990367 25.148796
23.714040 25.477646
24.336653 25.285646
24.456974 24.794152
26.157420 24.660369
25.682933 24.673819
25.744414 24.666981
25.378550 24.155423
26.738468 24.899068
26.989994 24.871538
25.670421 25.098647
25.435739 25.094780
25.559747 24.390890
25.403140 24.022547
25.038077 24.390840
24.487476 25.127184
23.259606 25.180585
24.594027 25.471192
24.793506 25.560088
24.397609 25.177739
23.815248 25.703843
23.415156 25.953599
23.570400 25.378815
23.074117 24.572220
23.165725 24.264759
23.612351 24.263593
24.226248 24.355632
24.175266 25.154828
22.665530 25.538964
23.086917 25.215708
23.272507 25.537051
23.012220 24.517619
24.318350 24.519581
24.012027 25.076274
24.341711 24.987179
24.035717 25.485066
24.485482 25.160964
23.751969 25.290848
23.677457 25.510338
22.988037 25.398660
22.637799 25.169317
23.347741 24.984748
24.573659 25.152973
24.719445 24.894136
23.708794 24.802911
23.723629 24.985088
23.583863 24.672377
23.424317 24.880707
23.252617 24.421006
23.704595 23.796164
24.560510 24.407568
25.032871 24.378114
24.676831 24.445981
24.292889 24.759172
23.728070 24.302223
24.103792 24.346293
23.955647 24.609007
22.783709 24.992826
23.683598 24.850788
23.532757 24.701496
24.379409 24.909711
24.138841 25.339693
25.026696 25.171129
24.532124 25.066896
23.832603 24.815985
24.162252 24.930493
23.958067 25.175372
24.335501 25.120262
23.887544 24.669806
24.020753 24.553013
23.236196 25.464148
23.582364 25.154496
23.549816 25.719135
23.733553 24.887081
24.219930 24.709642
24.235283 24.528465
25.511303 24.593346
24.909506 23.970456
23.445989 24.863817
24.525401 24.828463
24.013712 23.944116
25.574501 23.593883
23.925979 24.774976
24.202084 24.456479
24.079204 24.832404
23.965671 25.519183
23.821527 25.150093
24.107392 25.010994
23.010950 25.440517
23.618479 24.665326
23.003517 23.996323
23.501209 24.237974
23.491048 24.699150
23.812188 24.766386
23.479849 24.777000
24.199949 24.974695
24.097814 24.957558
25.260494 24.707005
23.311288 24.450244
24.238900 25.127644
24.406953 25.383178
24.947896 24.796859
23.400068 25.384337
23.063644 25.288599
23.347988 24.972505
23.029102 24.833599
23.706476 25.151049
23.923269 25.244927
23.509005 24.781257
23.057366 24.799981
23.498447 24.962603
23.672236 25.132766
23.450198 25.915433
23.603392 26.769279
24.334554 26.893604
22.974899 26.898707
23.868306 26.780050
23.319717 26.346281
23.452117 25.762895
23.967009 26.091948
23.595230 25.758510
24.347534 25.148699
24.822169 24.861412
24.828314 24.854085
24.169139 25.559015
23.813310 25.839909
23.729125 24.929991
24.128167 25.263261
24.533361 25.019583
24.703026 24.365780
24.024291 24.648827
23.720789 24.900120
22.785509 25.093628
22.949625 25.126371
23.048844 25.526067
22.590118 24.963437
22.384972 25.483884
23.429590 25.215217
23.563107 25.536856
22.673623 25.458007
22.383907 25.137326
23.298787 25.232591
22.780915 25.422623
23.468571 25.320312
23.650829 25.746392
23.086534 24.965820
22.624595 25.741459
23.098740 25.915788
23.755733 26.212664
24.325301 25.208617
23.928460 25.769641
24.579384 24.963002
23.713411 24.899261
23.130232 24.993258
23.553759 25.671792
24.936293 24.915849
25.164814 25.058463
24.740089 26.290728
24.365058 26.388100
24.667646 25.936446
24.476226 26.037155
25.616327 25.123720
24.904730 25.757756
24.721497 26.109448
24.865783 25.849324
24.677975 25.416179
24.971096 26.212253
24.321973 25.245347
23.968558 25.356402
23.758046 25.482655
23.247055 24.617540
23.821716 24.956931
24.131317 24.324298
24.165442 25.188816
23.621616 25.249128
23.606240 25.405217
23.337246 25.560981
23.332116 24.879924
23.980760 25.222290
24.713295 25.061648
23.679614 25.398429
24.212491 25.410994
24.282507 25.524010
24.515069 25.419371
24.508051 25.142972
24.653477 25.099190
24.744190 25.165134
24.622452 24.942620
25.283731 24.633266
24.640888 24.625053
24.298681 25.143133
24.861502 25.284874
24.670694 25.068545
24.718603 24.889334
25.433945 25.062169
24.434640 25.143813
26.099432 24.926732
25.978710 25.471517
26.510961 24.309798
25.495371 24.303219
25.855817 24.786767
26.194519 24.818524
24.495709 25.139345
24.871368 24.912644
23.812390 25.337406
24.809184 24.931769
25.764390 25.301742
24.476641 25.655032
25.590836 24.782646
25.639904 24.669354
25.740219 25.160337
25.875764 25.166785
26.688239 24.539863
27.307419 25.313196
25.604462 24.273488
26.259068 25.191908
25.942595 24.839861
26.438489 24.413751
25.210635 25.648145
25.626591 25.137291
25.488088 25.313799
26.280117 25.557446
25.344535 25.081157
25.602705 25.058292
25.797290 25.881290
25.433580 26.043291
25.495328 25.332235
27.125801 25.115747
27.377029 24.566798
27.472429 25.171721
26.951483 25.340755
26.211245 26.536520
26.121089 25.690872
25.482572 26.026022
25.989503 25.014340
26.140842 26.116193
26.531469 25.621347
25.716990 25.295685
24.737369 25.776580
23.714639 26.175449
24.376473 26.053360
25.088867 25.731093
25.950412 26.185826
25.411364 26.316824
24.653519 25.543848
24.603164 25.869189
23.889786 25.477900
23.995021 26.101097
25.108961 25.642191
24.791326 26.216670
25.090568 25.457708
24.536162 25.146772
24.465872 25.558929
24.683512 25.447815
24.732087 25.596554
25.482154 25.130743
25.657156 25.436727
26.628098 24.972444
25.169270 26.026207
24.706467 25.897775
24.490758 25.627936
24.257636 26.238026
24.756831 25.836226
24.499446 26.117047
24.837304 25.274765
24.962152 25.185736
24.617953 26.107364
24.553955 25.771566
25.344575 24.729048
26.446347 24.229857
25.543869 24.050477
25.573812 23.975188
25.434914 24.380914
26.011522 24.298412
25.969677 24.584718
26.802770 24.263440
24.968277 24.282510
25.902091 24.505708
25.953523 24.232676
25.846976 24.816835
24.890547 24.537780
25.128976 25.104312
24.392351 25.544126
24.277332 24.645142
24.292445 24.945063
24.590089 24.289429
24.684928 24.107570
25.162628 23.644740
25.262388 25.091963
25.930163 25.607374
24.574677 24.871810
25.455554 25.548526
24.583017 25.277930
23.678159 25.110903
25.251652 25.181535
24.838564 25.354618
24.995044 25.368937
24.714644 24.567043
23.991843 25.612165
24.120496 25.014173
23.805479 25.557826
24.816141 24.630849
25.348709 25.066522
25.069000 25.123348
25.436079 25.551508
25.285159 25.871073
26.240228 25.816386
26.148057 24.771757
25.851105 24.970894
25.460722 25.370824
25.145602 24.816070
24.842803 25.343267
24.666245 25.555424
24.155535 25.730997
24.653165 24.831044
24.722648 25.690342
24.509277 26.287247
25.191480 25.448443
24.919185 25.974893
25.517619 24.899287
25.327837 26.120621
25.261346 25.955490
25.269682 24.907588
26.063054 24.967018
25.001150 25.448038
25.266335 24.226378
26.069620 23.405327
26.798828 24.209524
26.759424 25.062002
26.378749 25.239500
26.096002 25.477809
25.650412 24.830300
25.281712 25.526734
25.610681 26.043167
25.274322 25.422493
25.953562 25.278346
25.802811 24.980950
25.821465 24.486764
25.731402 25.345816
25.212139 25.066399
25.758630 24.603405
25.558538 24.722387
26.847928 24.671671
27.265355 24.827220
26.590005 25.697028
26.302857 25.596969
27.674151 25.309256
27.974249 24.980404
26.756926 24.957705
26.533757 25.242101
26.282315 25.446450
26.316690 24.715306
26.303194 24.781843
25.528741 25.220227
25.309655 24.505820
26.127612 24.171885
26.347406 25.003480
26.316531 24.812784
25.688779 24.604581
26.329019 24.853445
26.517747 25.068924
26.372813 25.010259
27.825942 24.906951
27.395888 24.708108
27.281888 25.774681
27.237725 24.497282
27.221205 25.022978
26.239158 24.679439
26.514268 24.590182
26.829884 25.003616
25.495472 24.880289
26.472266 24.538065
26.761900 24.463487
26.207977 24.547529
26.335398 24.338348
26.630164 24.065394
24.954248 24.980310
24.604568 24.332403
24.878594 25.109464
24.349017 25.318115
23.724612 25.096629
22.711091 25.183133
22.127531 24.895570
21.939429 25.941763
23.101912 25.106078
22.481664 25.597681
23.027145 24.949938
24.982532 24.447597
23.812804 24.392928
23.644445 24.450932
24.117252 24.986731
23.998781 23.926087
23.724302 24.681760
25.067631 24.504596
25.109033 25.247096
26.591712 24.820494
26.346622 24.978396
26.662446 24.889937
26.335537 24.585522
26.123467 25.118503
26.872385 24.689705
26.635693 24.511529
26.199244 24.774088
26.555123 24.310678
26.341768 24.467478
26.360438 24.396656
26.111880 25.213632
25.939696 25.102754
25.776247 25.631623
25.128116 24.510160
24.579352 24.364101
24.776628 24.843776
26.231876 25.091130
25.601689 25.104289
26.264286 25.125160
26.172742 24.888114
26.881452 25.020390
25.958024 24.925647
26.338041 24.849659
26.729795 25.021311
27.400836 24.445802
26.230671 25.106688
26.022125 24.647621
26.596451 25.181779
25.671673 25.006100
25.960664 24.931210
26.357709 24.931338
25.016797 24.860918
25.928993 25.232817
26.041700 25.249611
26.594708 25.218471
25.160051 25.145242
24.622695 25.302869
25.400737 24.928488
25.848856 24.876511
25.966367 25.154392
26.888889 25.283169
27.137012 24.919078
28.183247 24.690064
28.087340 24.897210
27.683944 25.733654
29.035054 24.302497
28.462634 24.733527
27.510314 24.882839
27.864320 25.558853
27.821145 24.936604
27.276667 25.025784
27.313348 24.736899
28.333415 24.492118
27.420462 24.457888
27.497703 24.519548
27.343791 24.951163
27.049768 24.623378
28.221302 24.902592
28.200592 24.702076
28.010947 24.798378
26.767914 25.152845
26.794913 24.869049
27.369274 24.896604
26.922300 25.451213
27.518673 24.800429
27.960091 24.676301
27.353187 24.740788
27.176925 25.589624
28.225972 25.608767
28.180799 25.237196
27.862313 25.495872
28.025610 25.848197
28.739889 25.079910
28.260868 25.094634
29.063842 25.505147
28.624280 25.200421
28.235188 26.089535
28.162228 26.439775
26.979470 26.931489
27.242039 26.960183
28.125363 25.551361
26.914246 25.916085
27.168856 25.745623
28.128209 25.116672
27.966871 25.162191
29.269112 25.197382
28.573953 25.218202
27.423156 25.844712
27.772093 25.567087
27.352818 25.946974
27.125335 25.829630
27.624339 26.088178
27.041989 26.004768
28.421216 25.722945
28.915989 25.995108
27.595060 26.208300
27.500126 26.171748
27.505427 25.544955
27.670435 25.612972
27.660624 26.169168
27.836716 25.834350
27.382495 25.745938
26.296919 25.399889
25.580234 25.444146
25.968900 25.317824
27.061949 25.586398
28.249623 25.366612
28.646304 26.276417
28.217736 25.106801
28.098956 25.224914
28.591507 25.790295
26.875887 26.284789
26.069377 25.265674
27.145072 25.795480
26.427139 25.528744
26.080965 26.024595
26.451715 25.972335
25.782859 25.887337
24.882403 25.520477
26.738000 25.613886
26.295838 24.887548
25.944497 25.488114
25.845626 25.126037
25.975013 25.281100
25.616551 25.654246
25.610272 26.130800
23.789777 26.665152
24.502364 26.223873
24.796577 26.250542
24.792764 25.010786
24.107086 25.128677
23.826717 25.452285
23.744362 25.343461
23.155084 25.111781
24.799601 24.998470
25.388976 24.453617
24.799137 24.735610
24.292412 24.877266
24.394946 24.880591
23.763511 25.432904
24.639493 25.797877
24.034586 25.386874
24.526743 24.626975
24.053307 24.622241
24.177833 24.819672
24.415828 24.786733
25.190602 24.689359
25.416284 25.367744
25.336120 24.861803
25.162952 25.450603
24.582115 25.513586
24.244216 25.394479
24.365987 25.507952
24.484421 24.883835
23.518549 25.600349
23.795069 25.447404
23.900644 24.292141
24.219150 25.053793
24.901611 24.648386
24.422460 25.803236
24.538804 25.290627
24.259793 24.911983
24.806419 25.296599
25.319033 25.122647
24.646702 24.964184
24.095400 24.960560
23.149715 25.716422
23.402248 24.419283
23.936905 25.283168
24.392966 25.145910
24.873146 24.297488
24.538758 24.704324
24.789017 24.936456
25.623836 25.674653
25.263660 24.792182
25.263401 24.987790
25.375733 24.603120
24.827430 25.298271
25.891167 25.085989
24.794526 25.069482
24.404268 25.113627
23.640226 25.874567
24.520232 25.527653
24.790464 25.160317
24.573729 25.777557
24.211677 25.671384
24.802975 25.461411
24.369976 25.908235
25.774952 26.083628
25.746836 25.765953
26.031903 25.772965
25.868106 25.441431
25.464973 26.347705
25.238105 26.156015
26.300414 25.422524
25.783106 25.099335
24.776478 25.627937
25.433572 25.774471
26.167541 25.720860
25.821111 25.085063
25.437263 25.438591
25.849033 25.133014
25.558183 25.271599
25.139788 25.259622
25.660695 24.586754
25.964980 25.470842
25.367685 24.721017
25.852588 26.129778
25.360693 24.917414
25.588127 25.340338
25.193629 26.141030
24.808898 26.202545
23.698880 26.842114
23.646042 25.705601
22.951691 25.798916
23.246977 25.690114
21.601352 25.631106
22.157431 25.861703
22.648478 25.720668
22.121730 25.665949
22.237092 25.260518
22.697939 25.933281
23.107385 26.276487
23.477537 26.347405
24.424805 24.909755
24.242867 25.809160
24.038736 26.182840
24.990144 25.200712
24.363466 25.598437
24.933801 26.009710
24.744328 25.410920
24.476033 25.871820
24.463031 25.047802
24.453655 25.640331
24.769077 26.458525
23.938715 25.609256
23.965603 26.010472
22.384394 25.711172
23.722504 25.300776
24.210795 25.481671
23.611456 25.077172
24.721067 25.128553
25.056841 24.579274
25.934200 24.670513
26.120361 24.455355
25.997389 25.176634
26.585371 25.936513
26.097881 26.069219
25.519130 24.791929
24.177334 24.670578
25.176782 24.987296
25.281501 25.217493
24.115057 25.261409
24.485768 25.020447
24.512153 24.995029
24.831010 25.131354
24.761893 25.833788
24.711668 25.920127
25.848695 24.943583
25.079832 25.578262
25.123573 25.143205
24.662477 25.274713
24.602654 25.057415
24.861394 25.565443
25.245136 25.548099
26.493638 25.612045
25.861370 24.856243
24.837578 25.414336
25.916380 24.924294
25.506421 25.844628
24.440415 25.728666
23.816125 26.160475
23.538743 26.568649
24.719606 25.617958
24.301982 26.333251
23.899789 26.412666
24.220466 25.723367
24.848234 25.785662
23.973613 25.914303
24.405864 25.632461
23.943793 25.501004
23.475636 25.610618
23.584046 25.544495
25.479901 25.510830
24.824131 25.773094
25.347519 25.906919
24.559817 25.788968
25.108745 25.249510
24.962146 25.793341
25.698929 25.838940
27.106187 25.964588
26.704171 25.351802
25.444959 25.407389
25.493416 25.718982
25.427693 25.726538
24.668193 25.984618
26.451804 25.557454
23.796998 25.606976
24.215607 25.483600
23.735990 25.326700
24.696808 25.727918
25.450124 26.752074
25.810616 26.145273
25.582835 26.040574
25.383318 26.616141
25.133057 25.733246
25.489960 25.136798
24.947761 25.239318
24.787312 26.102118
26.331344 25.818152
25.591989 25.183910
25.208853 26.187591
25.211307 25.849717
24.749900 24.896750
25.022604 24.886220
25.045878 25.342825
24.834570 25.792447
25.597954 25.433162
26.138418 26.087362
25.370289 26.089807
24.583293 25.627743
24.798420 24.649772
25.874929 25.292991
25.853800 24.783719
26.419026 24.903268
26.007319 24.709415
26.659523 24.973876
27.349133 25.681578
26.017389 24.940576
25.371739 25.238559
25.583072 24.810063
25.431704 25.155191
26.618099 25.276801
25.961613 25.237761
25.206627 25.505164
26.252076 25.706080
26.084419 25.175363
26.178251 26.012258
24.896655 25.748917
24.911606 25.725866
26.085057 25.813367
25.751554 25.788431
25.188601 26.281696
24.372461 25.849040
24.583442 26.036443
24.302830 26.956799
24.092611 26.872545
24.222670 25.995373
23.826634 26.184732
25.203600 25.464924
24.336416 24.981166
24.753130 25.669527
24.618303 25.687512
24.439470 25.690409
24.496875 25.167256
24.460627 26.340630
24.358796 25.958660
24.472270 26.018312
24.688070 25.167925
24.507483 25.665590
24.070551 26.470275
23.436545 25.672917
23.103778 25.236812
23.535440 25.068183
22.985223 25.202936
22.857037 25.964173
22.618843 26.093170
23.339661 25.617792
23.067570 25.381371
22.959753 24.975846
23.000446 25.356893
22.239410 25.350432
22.639902 25.019454
23.224243 25.718120
23.563636 25.422803
23.341871 26.076810
22.764707 24.806480
23.286978 25.898289
23.299620 25.295227
24.256166 25.791575
23.574381 26.144209
24.425290 26.231223
23.709051 26.369138
24.127881 25.919456
24.396650 27.080756
23.652974 26.112883
23.829818 25.916719
22.565536 25.701423
23.349465 25.452916
24.399091 25.661383
23.306752 26.028604
23.498275 26.353228
23.988220 25.685639
23.920633 25.575703
23.599750 25.878297
23.338931 26.087505
23.353388 26.162638
24.290843 25.843768
24.121364 25.927612
25.133762 25.666357
24.935716 26.256171
25.440578 26.209489
24.145236 25.607001
24.098600 25.843580
22.984448 26.208667
22.878681 25.445388
23.630264 26.104372
23.946075 25.843330
23.763781 26.857933
24.356449 26.523707
22.990823 27.022704
21.823615 26.441425
22.198323 26.026435
22.190447 26.230948
22.684807 26.773496
23.643574 26.605704
23.977852 26.015368
23.882217 26.852406
23.469518 26.167888
25.045510 26.362699
24.985208 26.678080
25.188745 26.893440
24.807113 26.600948
24.799649 26.419178
24.192140 26.546400
25.057828 25.916790
25.493346 25.764325
25.271421 25.536461
24.659976 25.691647
25.007923 25.718087
24.665062 26.605895
25.036626 26.676558
24.797390 25.727562
24.408019 25.666537
23.495368 26.136507
22.892602 26.225142
23.316377 26.350575
22.973032 26.265090
23.121471 25.793825
23.365411 26.336124
22.637905 25.890966
22.609914 26.157396
23.781810 26.164152
24.277861 26.230098
24.371566 25.954570
24.302856 25.988054
24.534147 25.021331
25.206217 25.284547
24.785253 25.824555
25.155254 25.665120
23.753378 25.560762
24.353926 25.097856
23.263493 24.122422
23.100808 24.697553
23.358190 26.306883
23.800512 25.940197
23.848089 25.496396
23.049003 25.728415
24.127511 25.372328
23.713311 25.570697
24.472994 26.189847
24.704863 25.877265
23.270335 25.654479
23.404074 26.091753
24.425370 25.656110
24.689559 25.669889
23.862275 26.433834
24.178289 25.714757
23.771942 26.009140
23.166897 26.259121
22.997352 25.761364
22.930607 26.195994
22.964884 25.522193
23.886840 25.771667
23.568000 25.842029
24.708514 25.483988
24.965433 26.110296
23.549574 25.643943
22.832176 26.382031
23.304611 27.290391
24.290366 26.413130
23.763741 26.906781
24.198987 26.945218
25.063566 26.891759
25.380765 26.702257
25.408027 26.769121
24.468896 26.228308
24.526448 26.442796
25.069902 25.592172
24.892635 25.690037
24.984930 25.608048
23.895932 26.200617
24.238745 25.531119
24.285200 25.742837
23.622331 26.379335
23.172130 25.529814
23.765677 25.110696
24.181248 26.259442
24.202161 26.679426
24.969368 26.195566
25.038756 26.414275
24.504785 26.544186
24.378403 26.914242
24.604473 26.447913
24.324764 25.627209
24.320777 25.837338
23.148630 26.337045
23.212814 26.436889
24.148759 25.858457
23.177528 25.647773
22.360799 26.244898
23.202902 26.112497
24.058701 25.724537
24.449740 26.155430
23.935794 25.378909
23.811599 26.295053
22.817096 25.174604
23.817848 25.769560
24.173989 26.099569
24.022714 25.817387
24.179594 26.213157
25.408069 25.733590
24.271952 26.792599
25.221438 25.631894
24.799458 25.804255
24.928355 26.153252
24.920576 25.918843
24.841302 26.481983
24.777746 26.275167
24.932277 26.626571
24.940586 25.457935
23.612423 25.915220
23.973879 26.462111
23.190776 26.316864
23.902035 25.795867
24.561686 25.943372
23.979916 25.979621
23.841062 26.131700
23.580701 25.823914
24.442824 26.168379
24.890481 26.086574
25.267826 26.065510
25.983852 26.019059
25.158347 26.447774
24.406805 26.915438
23.900294 26.281263
23.774237 26.531598
24.340169 26.117824
24.915872 26.910758
25.442897 26.857090
24.161401 27.052066
23.850175 27.143727
23.937258 26.800262
24.029119 27.119068
23.814812 27.125492
23.662753 26.688731
23.871472 26.595261
25.129113 26.146662
24.288108 27.227920
24.394648 26.813600
24.758457 26.774626
25.116135 25.924705
24.704581 25.554032
25.545791 25.705462
25.709622 26.152109
26.168717 26.197380
25.392445 27.222858
25.114866 26.500544
23.994738 26.067364
25.142350 25.282249
25.266666 25.689119
25.530240 25.946710
24.963114 26.155270
24.799534 26.185789
24.925482 25.939092
25.977376 26.025988
26.505315 25.837767
26.428401 25.548836
25.322707 25.642036
25.608752 25.222699
26.080939 25.180281
25.262547 25.294741
25.910721 24.217707
24.528616 25.454046
23.735794 25.227267
24.291476 25.128971
23.407872 24.538576
23.655769 24.900029
23.184464 24.520724
25.042524 24.246150
24.590807 24.223590
24.157637 24.498740
24.870359 24.538991
24.132709 24.586381
23.671289 25.264824
24.235476 25.049482
24.748894 24.955691
23.951657 24.716681
24.305797 24.529811
23.997164 24.638732
24.232873 24.967587
24.373222 24.649755
24.125393 24.571537
23.376244 24.315176
23.076095 24.245248
24.100321 24.679829
23.599727 24.900000
24.232084 25.253388
23.002385 24.459073
23.207020 24.098327
24.029631 24.363656
24.484341 24.460954
25.242883 24.779925
25.507179 24.606956
24.876489 24.815294
25.933001 24.800528
24.701162 25.677758
24.769010 24.547083
24.456096 24.980530
25.137600 24.931328
24.503042 24.401965
24.654676 24.787212
25.087166 24.516116
25.797456 24.722367
24.757796 24.875579
23.534636 24.888179
23.738521 25.446786
24.407292 25.064327
23.961267 24.771505
24.045213 25.522873
23.485758 24.872238
23.475205 25.278176
22.601922 25.387621
23.406599 25.325843
24.936956 24.977724
24.175127 25.540117
24.021275 25.148167
25.062808 26.013483
24.501439 26.259708
24.737490 26.082288
23.757077 26.250899
23.468734 25.719332
23.814501 26.436126
23.478355 25.527810
23.604441 25.856578
21.978946 26.459370
21.779291 26.334640
23.096206 26.190072
24.182446 26.162067
23.963286 26.585494
24.271808 26.425564
24.902136 26.318148
24.457871 27.153666
25.221646 26.069209
24.350583 26.036743
24.511917 26.249880
24.215043 26.488652
24.185644 26.815197
23.919569 26.890154
24.304109 25.864639
24.036261 25.857224
25.559694 24.995907
25.165354 25.146508
25.688165 24.825055
27.271582 24.962982
26.704559 26.230269
26.428749 25.580984
27.438777 25.635489
26.083026 25.473598
25.649787 25.416267
24.657838 26.349966
24.598059 25.909311
23.573926 26.259739
24.368031 25.698859
24.312501 26.028560
25.078984 26.745710
24.982055 26.236965
25.118589 26.725519
24.297956 25.688605
24.528782 26.194578
24.621184 24.714582
24.463589 25.782646
25.082308 25.545855
24.631462 25.900670
25.548070 25.974785
25.351594 25.518242
26.088000 26.506895
26.736864 26.038536
26.784582 25.919830
25.540027 25.636817
25.708590 25.629253
24.705877 25.616754
25.181592 25.565357
25.385506 25.771067
25.462702 25.761007
24.959786 26.547125
25.040684 26.322585
23.652678 26.499927
24.484361 26.473327
24.733397 26.805961
24.340353 26.013666
24.262809 26.337155
24.293661 26.338131
23.638623 26.023696
24.301483 27.065310
24.726210 26.361179
25.529447 26.297115
25.995390 26.554938
26.344029 26.170611
26.311714 25.853667
26.531658 26.634686
25.803359 25.818202
26.269160 26.234650
25.704578 26.421353
24.846329 26.197207
24.875690 26.032364
25.982819 26.585361
26.124516 26.637468
25.893164 26.699147
26.858711 26.196091
26.542171 26.719642
26.810692 26.143388
26.636067 26.080174
26.409953 25.856252
27.021938 25.866618
27.635935 25.691504
28.552564 25.148977
26.806308 26.797185
25.226230 26.351684
24.819254 25.689070
24.630516 26.704870
25.155040 27.069415
26.670654 26.130294
26.108241 26.278743
25.636737 26.202794
26.532988 26.659338
26.347246 27.225987
26.796112 26.590448
26.610564 27.126251
27.687025 26.144937
27.455955 26.081190
26.710734 27.091010
25.622775 26.901089
24.740108 25.985488
24.406706 26.151992
25.329450 25.991177
24.647301 26.432335
25.126958 25.613917
25.100205 25.810864
25.378101 26.357866
24.743296 27.113761
24.721727 26.217927
24.813034 26.184384
24.907018 25.498750
23.729493 26.411236
24.205703 26.287828
24.224927 25.982564
24.656949 25.423322
24.414421 25.666391
22.714179 25.720311
23.291167 25.419103
23.099898 24.927322
23.765200 24.838578
23.574665 24.839460
24.221861 24.499342
24.189716 25.311171
23.577446 25.513411
23.560777 25.301388
25.007412 24.708995
25.868432 23.680944
24.690652 23.956680
24.136883 23.927053
25.361093 23.696228
25.149648 23.940224
24.143278 23.876736
23.415749 23.701434
23.094650 24.887986
23.466299 24.917528
23.992174 25.114401
23.808023 26.342966
24.056516 25.605227
23.245835 26.074105
22.838519 26.049935
22.978092 25.773259
23.434936 25.248964
22.294609 25.205720
23.585699 26.237458
23.681926 25.713373
23.215621 26.073605
22.504673 26.612231
22.035105 25.971851
22.127618 26.783355
21.370516 26.264310
21.679067 26.562172
21.817533 25.991256
21.897317 26.575287
22.148787 26.289103
22.140659 26.551430
22.310555 25.416806
21.297471 26.310807
21.362607 25.822324
21.124994 25.264354
20.805397 25.220812
20.299510 25.582056
20.701502 25.978708
21.303089 25.729961
21.373785 26.043210
21.773885 26.940392
23.195443 26.560472
22.482750 25.801782
22.839387 26.410453
23.443207 26.972190
23.220393 25.893178
23.142036 27.171990
23.336712 26.206819
23.405793 25.890690
24.235043 26.381916
24.525770 26.518997
24.557811 26.375352
25.437147 26.734728
25.488786 26.576578
26.055710 26.949718
24.576745 26.150484
24.738082 25.672164
24.382687 27.071627
24.644673 26.190693
25.151502 26.007157
25.071134 26.817044
24.351472 26.747557
23.844671 26.770293
24.466741 26.627506
24.587271 26.248360
24.011574 25.819510
23.800215 26.124304
24.361063 25.629366
23.797594 25.461269
23.767186 25.635861
24.473904 25.353346
23.908345 25.205880
23.348325 26.414835
23.365484 26.521852
23.591237 26.210633
23.717682 26.662046
22.884315 26.080871
23.860372 25.874824
23.579425 25.957945
23.565469 25.759635
23.749104 25.323555
23.294357 25.492536
23.548773 26.165090
22.323601 25.767910
22.425398 26.838652
22.672340 25.856706
23.999838 25.623246
24.146479 25.611181
23.789581 25.518252
24.224394 25.230375
24.195561 26.500193
24.196637 26.359702
24.319149 25.300573
25.348791 24.972136
25.719670 24.505118
25.313404 24.701073
25.551329 24.740178
25.321304 25.062292
25.133189 25.797007
25.935061 25.261948
25.878783 26.086125
25.261262 25.951941
24.769590 26.395540
24.812794 26.494961
24.291035 27.702278
25.027748 26.690250
25.439191 26.893268
25.380866 26.594208
25.380346 26.420067
24.434369 25.150742
24.065177 25.854535
24.020053 25.913049
24.385969 25.705684
24.664644 26.201562
24.759820 25.941731
24.415743 25.345802
24.623044 25.912963
24.444154 26.338526
24.799686 26.105916
24.547341 26.725957
25.650574 26.458773
24.542607 26.025846
25.251200 26.199631
24.932166 26.403462
24.042992 26.212873
24.357439 26.359716
25.282600 27.159753
25.205703 26.688364
25.744420 26.150423
26.726758 25.822910
26.664796 25.176974
27.070326 25.980005
26.778614 25.474092
26.635355 26.407013
28.021751 26.817667
27.087484 25.955885
26.555763 26.791824
26.599664 26.100660
27.269324 26.548309
27.357150 26.217877
27.277040 26.839840
27.332080 26.520582
26.531862 26.527918
25.416437 26.565811
25.640413 26.464156
25.650369 26.493322
25.212790 26.183786
25.138810 25.727460
26.614978 26.481555
26.779572 26.111768
25.162814 26.368613
25.579976 26.812676
25.681803 26.376480
24.367229 26.959484
24.242548 26.821447
24.682173 26.679329
25.157647 26.537585
24.419165 27.315598
25.465408 26.462848
25.481306 27.067272
25.340002 26.339049
24.534267 26.531399
24.857743 26.283503
23.529584 26.641436
23.778708 26.035714
24.335547 26.321310
24.313925 26.073014
24.134500 26.466648
24.679073 26.111914
24.836878 26.389318
23.848128 25.952755
24.253027 27.374880
24.257298 26.879695
25.013703 26.503368
23.561979 26.972951
23.880966 26.855119
25.251107 27.566134
24.430360 27.938568
23.970204 27.259034
23.911372 26.654296
23.653340 25.944935
24.045307 26.734408
25.040821 26.861997
24.695351 26.674397
23.370667 26.658621
23.886267 27.038529
25.068471 26.307153
24.317866 26.659459
23.544611 27.515537
23.551153 27.589366
24.155903 26.879356
23.609186 26.797178
23.826162 27.421256
23.713941 27.966792
25.228564 27.603830
23.689820 27.526010
24.302699 27.268422
23.694349 27.135804
23.809355 28.058674
23.713293 27.271507
23.913862 27.308303
24.651850 28.022932
25.443760 27.779007
25.520702 27.592076
25.157903 26.977338
25.142045 26.336195
25.741343 26.836390
25.333327 26.910377
25.911362 27.730215
25.419032 26.592147
25.716198 26.478064
24.670552 26.226250
24.729755 27.606590
24.120363 27.092234
24.022973 27.479244
23.972829 27.691073
24.148719 27.516707
24.693607 28.186283
24.554192 27.497542
24.224089 26.560824
25.230864 26.352078
24.741986 27.052861
23.438021 26.665692
24.459313 26.241193
23.779052 26.248647
25.643672 25.899232
26.056413 26.684816
25.875880 25.803822
26.070927 25.940815
25.859778 25.635122
25.290187 25.588052
25.555395 26.202457
26.750324 25.846924
26.056907 26.669668
27.031560 25.770024
26.352854 24.839222
27.329366 24.830722
26.996309 24.817508
26.567914 25.963225
26.377793 25.998385
26.236217 25.841669
25.983927 26.289584
25.658363 26.386042
26.109842 26.423828
26.916773 26.318961
26.574900 26.132727
27.729215 25.725800
27.575071 26.765165
27.416817 25.964734
27.899072 26.690788
27.359830 26.529339
26.253029 27.642343
27.332937 27.094298
27.115922 26.980046
27.862449 26.868862
26.680554 26.678114
27.394032 26.947496
27.443648 26.931426
27.403965 27.388905
27.040435 26.097535
27.996010 26.258217
27.910083 25.871914
27.741107 26.452677
28.328115 27.593131
27.898307 27.483040
28.068066 26.949993
27.874107 27.306035
27.278074 27.744523
27.439413 26.907032
26.191056 27.323485
27.364653 26.404845
27.473730 26.506170
27.065479 26.955386
26.295689 26.414493
25.499780 27.298857
24.139318 27.559706
24.624471 27.207013
25.103930 28.198932
25.004936 27.757284
24.262558 27.429126
24.530731 27.419319
23.850581 27.621061
25.378641 27.743630
25.176784 28.104148
25.072343 27.257292
24.955682 26.593511
26.046098 27.212752
25.568824 26.934534
25.780448 26.815782
25.628077 26.836476
25.630344 27.797597
26.247327 26.603340
25.643639 26.463486
25.475072 26.541842
26.523268 25.222401
27.010696 25.304875
27.861317 24.778649
27.177272 25.016812
27.306356 25.393273
27.549707 25.423125
27.831731 24.933319
27.691592 25.907633
27.567490 25.705222
28.096392 25.838512
27.957138 25.923413
27.739469 27.396535
26.725101 26.857688
25.974126 27.045876
25.892200 26.369245
25.792491 26.958661
24.671542 27.197267
25.077373 26.573126
24.912004 26.135361
24.198916 26.746793
24.735128 25.918029
25.494121 25.755431
25.146971 26.490473
25.643616 26.622681
26.232055 26.706153
27.120720 26.730613
26.508353 26.498418
25.774119 27.105733
26.718710 26.679948
27.705957 27.040662
28.286564 27.030447
28.396425 27.288572
28.221228 27.781504
27.027809 26.991928
27.924875 27.222828
27.611683 27.751766
27.859902 27.452887
27.180721 27.434676
26.102020 26.928380
27.371255 26.785957
27.992365 26.403751
27.090394 26.411533
26.593112 26.446284
25.645709 27.087568
26.110384 26.705842
26.060981 26.950057
26.550176 26.191953
26.186819 25.758290
26.785392 26.842521
27.434006 26.692301
26.586615 27.380899
27.265104 26.253141
26.609752 26.702292
27.111103 26.135853
27.251406 26.372646
27.004379 26.494432
27.092196 26.597113
27.009326 27.436456
27.703138 26.750886
29.021809 25.789734
28.086896 26.188899
28.093017 25.954138
28.325897 25.473967
26.772529 25.033803
27.799805 25.199414
27.593843 24.772999
27.816388 24.676966
26.839454 25.406577
25.814889 25.789731
25.865479 25.961213
25.914378 25.572304
26.284838 25.720027
24.870251 26.335495
25.170207 26.655539
25.780017 26.475427
26.024690 26.916520
25.849530 26.494636
25.837908 25.554174
26.412626 26.174061
27.936115 26.220269
26.537085 26.675845
27.795228 26.566163
28.478116 26.042273
28.215660 26.760365
28.998958 26.306066
27.497599 26.331237
26.993750 25.881656
26.732087 26.494522
26.417207 26.413489
26.775656 25.781225
27.068653 25.588736
26.938496 25.316714
25.808449 26.328704
26.070421 26.053011
26.433533 25.967399
27.372632 26.039271
26.625368 26.192899
25.266605 25.791325
25.189944 25.336552
24.811499 25.817652
25.102916 25.433889
24.198265 25.762292
24.956813 26.657043
25.259508 25.958241
25.394224 26.140002
25.317374 26.603822
25.350520 26.402944
25.306129 27.002975
25.196228 26.900394
25.426371 25.872609
25.700539 26.084362
25.367049 25.482812
24.820214 25.488116
24.566557 25.055620
25.871739 25.503149
25.196011 25.232118
24.675806 25.744625
24.010889 25.813602
24.184795 26.665594
23.697261 25.837549
23.320553 27.075043
23.425255 26.906629
23.680471 26.804837
24.526117 27.007887
25.461708 26.533338
26.424852 25.934214
25.279804 26.377151
25.670520 25.424684
25.260597 26.304727
25.227275 25.400629
25.691384 25.847177
25.641751 25.326466
26.372747 25.327017
26.207340 25.262786
27.196223 24.938274
27.160816 25.075072
26.484442 25.263950
26.926360 24.968804
27.514659 25.619314
28.498488 25.924893
28.785198 25.466407
28.868390 25.435178
29.507746 25.086994
29.413720 25.645707
28.422610 26.332083
28.231384 26.629988
29.230550 26.207861
27.739835 26.595140
27.614783 26.655312
27.507519 25.968265
27.247179 26.565880
28.276064 26.341763
27.987628 26.607563
27.467405 25.877094
27.570056 26.677729
26.521239 26.680624
26.968740 26.416281
27.618799 26.049100
27.865306 25.774871
27.907243 26.367362
28.959425 26.015191
28.643118 25.668075
28.273899 25.675284
27.613495 26.529367
27.909191 25.550086
28.881534 26.162287
28.477344 26.687640
27.563572 25.852478
27.813891 25.609290
27.365842 26.200444
26.904507 26.282297
27.287768 25.337616
27.019651 26.303916
27.730653 26.422706
26.837723 25.978132
27.830698 26.493732
28.541188 26.504835
27.131032 26.459792
27.970616 26.569751
27.770837 26.508668
27.742502 25.896733
27.159272 27.057648
27.097357 26.192763
26.969968 26.236417
26.449168 27.171090
26.216461 27.326988
26.995077 26.565720
27.637514 26.490569
27.413680 27.199217
27.488325 27.339231
28.113360 26.906828
28.882714 26.810254
28.239370 27.379891
28.224656 27.789599
28.482009 27.403499
28.569335 27.922710
27.435297 27.202185
27.832399 26.398654
28.530787 26.777615
29.217075 26.215636
28.421303 26.590187
27.909809 26.511793
27.716554 27.170053
27.821030 26.233814
28.270162 26.916842
27.784772 26.488084
27.557263 26.312393
27.870744 27.141859
28.859042 26.652404
28.452908 26.915112
29.124998 27.065322
29.607883 26.919568
29.052674 27.495505
29.698067 27.467695
29.336892 26.963035
28.768591 26.570860
28.088019 27.281291
26.717800 27.412736
27.431580 26.655157
27.120970 25.581459
26.713302 26.386325
27.512076 26.589626
27.930115 26.566929
28.525521 26.506080
27.801601 26.085058
28.037372 26.042128
27.532964 25.699493
27.802555 26.479468
27.871647 26.532415
27.862118 26.320090
27.018200 26.531674
26.895743 26.196615
26.829090 25.819932
26.575206 27.555382
26.899716 27.353604
26.952046 26.615599
27.711681 27.381557
27.393887 27.432302
27.467801 27.248164
28.076990 26.533204
27.335010 26.612498
26.737527 26.966332
27.124802 27.249078
27.233087 27.304337
26.848736 26.992352
27.430331 27.161119
27.909279 26.668876
27.868217 26.724913
27.837525 26.623475
26.434388 26.927798
26.231271 27.145529
26.743071 27.082938
26.037364 27.252997
25.922752 27.404226
25.928304 27.034226
26.338175 27.467181
25.954621 26.968122
26.149261 27.123140
27.682060 26.703638
27.889810 27.578634
26.865866 27.738881
26.232556 27.365168
25.765473 27.424470
26.809950 26.724727
26.200744 25.988935
26.973439 26.507892
26.271123 26.093613
27.414140 26.559156
26.417908 25.609463
26.652359 26.167167
26.142002 26.023663
25.914009 25.702652
25.582686 25.170027
25.667933 25.628106
26.556636 25.504552
25.577450 24.453102
25.995319 24.607271
24.933532 24.679168
25.240456 24.372088
26.519703 24.487156
25.025818 24.943731
25.282339 25.358259
26.524867 24.848965
26.460594 24.891886
26.878546 24.903357
26.661960 24.844111
26.467476 24.430644
27.217102 24.983493
27.051876 24.176699
26.500827 24.806968
25.795242 25.527122
26.297852 24.924707
26.544348 25.280725
26.217689 25.267285
25.303801 24.740198
25.316769 24.765335
25.049625 25.159647
24.031092 25.072488
24.235746 25.484382
23.709598 25.578261
24.380962 25.379256
23.698966 26.025723
23.140446 25.953197
22.894560 25.685673
23.880776 25.903587
24.043915 26.271673
24.543867 26.137403
25.097565 26.770791
26.092901 25.762178
24.010216 26.169581
25.200710 26.287326
25.312449 26.165097
25.023344 26.871957
24.629247 25.912558
25.717617 26.187775
24.821566 26.449737
25.939285 25.670342
25.572534 26.170233
25.723323 25.740548
26.253272 25.617523
26.226372 26.045808
27.173382 26.024072
26.425381 25.540552
26.885993 26.271906
26.686597 25.395502
26.476154 25.359120
26.214288 25.692228
25.767278 25.713878
25.435405 25.469814
25.928125 25.225536
24.882147 25.738835
24.350075 25.865027
24.870379 25.820300
25.024052 25.120667
25.207043 25.095994
25.682946 25.338390
24.782749 25.488572
24.780054 25.672192
24.338038 25.413601
25.150822 24.982991
25.970459 25.428798
24.417325 25.206665
25.879048 24.503715
24.934579 25.046783
24.548603 25.524330
25.640926 24.934987
24.882819 25.753160
24.862217 25.534427
24.534138 25.502794
24.364639 25.477838
24.532240 25.109819
24.866862 25.680977
24.137462 26.035205
25.122820 25.379954
25.312186 25.687957
24.526533 25.386916
23.805581 25.836242
24.345436 26.135597
24.299408 26.341678
24.240076 26.746534
25.407881 26.345450
25.271648 26.564054
25.787534 25.888408
26.368184 26.371598
25.604908 25.841629
25.836204 25.882038
25.597444 25.287143
26.125745 25.372603
25.467479 25.911867
25.957034 26.589887
26.896407 25.262683
26.071271 25.143025
24.843470 25.870998
24.913256 25.840802
24.038753 26.264559
24.229141 25.526864
24.766443 25.375111
23.988686 25.016837
24.445092 24.780267
23.892015 25.256181
23.248779 25.520196
23.604551 24.650263
23.602300 25.381760
23.974202 25.994410
23.876682 25.350208
23.572737 25.404311
23.468446 25.888537
24.901704 25.736139
24.583209 24.787771
24.750590 24.994092
25.812892 24.236232
25.657343 24.039060
24.285568 24.284688
23.751705 24.350626
24.058287 23.927732
23.328799 24.450694
23.690763 24.847403
23.228551 24.116232
23.486904 24.811743
22.555483 24.416846
23.340690 24.101752
22.575274 23.791031
23.121376 23.547377
22.946129 23.764367
24.388888 24.007809
23.912827 24.661456
23.961257 23.912177
24.145904 24.631769
23.814767 24.521450
23.689984 25.322362
23.743865 24.746023
23.825856 25.103498
24.477498 25.515032
24.774588 25.619166
25.875454 24.894511
26.303654 24.993627
25.395334 25.816550
25.823000 24.652450
25.407212 25.646393
24.469383 25.584182
24.953763 25.872701
25.987429 25.565204
27.065420 25.027442
26.392783 25.296473
26.210040 24.657133
25.960622 25.312172
24.590168 25.585498
24.250909 25.676207
24.745566 25.825938
24.510672 25.772769
24.424751 25.296177
24.733994 25.315744
24.234083 25.011577
23.740337 25.878091
23.646296 25.874929
23.526801 26.068411
23.721579 25.439023
23.646807 25.782229
24.834605 25.317693
22.330558 25.517287
22.268904 25.481428
21.998156 25.692934
23.865428 26.334275
24.275904 26.071386
24.585330 26.801712
24.049655 27.530177
24.271574 26.456883
24.251988 26.681141
24.155099 26.534979
24.178913 26.391127
23.011801 25.710711
22.780905 25.567952
22.603336 25.991689
23.785726 26.148586
24.012714 27.232310
24.765046 26.832840
24.747785 26.680970
24.892146 26.165576
26.061312 25.787845
25.221027 26.812143
25.958162 26.712626
26.024245 26.452374
26.108279 26.237136
24.152637 26.939497
24.081264 27.042398
24.032767 26.394846
24.676535 25.455062
24.133533 26.162107
24.455997 26.482056
25.193053 25.550753
24.506263 26.063942
25.513148 27.066373
25.016307 26.600271
23.870667 26.383116
24.120285 26.436015
23.345419 27.524694
23.838004 26.606251
23.933276 26.081518
23.986908 26.300818
23.881626 26.498130
24.854443 26.695600
24.527340 26.130129
23.842242 26.165704
23.615881 25.749635
24.474127 25.666418
23.249524 24.968400
23.822437 26.229249
23.773963 25.296148
23.108484 25.726027
24.530824 25.648618
25.533125 25.934938
24.779804 26.327980
24.961404 25.378102
24.780494 25.823999
24.588547 25.346984
24.549767 26.371417
24.723663 25.970871
24.983304 25.493510
25.415171 25.787604
25.537394 25.884412
25.696686 26.046149
25.257004 25.823162
24.674589 25.905023
25.092972 25.929673
25.794983 25.718656
25.646070 25.400253
24.963593 26.511860
24.263095 27.052853
22.454322 27.084574
22.687452 25.922858
23.612942 26.441792
23.366656 26.752676
23.284531 26.033293
22.913430 26.772725
24.071669 26.563806
23.213221 27.182891
25.169062 25.874275
24.024106 26.119743
23.146922 25.352891
23.156748 25.502340
22.842371 26.542270
22.529314 26.902826
23.489648 26.480143
23.668704 26.937229
23.560352 26.593402
22.895421 25.975623
23.360509 26.351406
22.970152 26.076413
23.750821 26.291004
23.303977 25.301816
22.920673 25.983596
22.373116 25.843109
22.906896 25.730500
23.620855 25.389487
24.145865 25.225929
25.035825 25.812342
24.352850 26.258098
24.319104 26.311485
23.921580 26.479457
24.949415 26.527214
25.246947 26.119020
25.723867 26.384126
25.950270 25.879585
25.921357 25.900883
25.226577 26.076355
25.188429 26.104846
25.221791 25.407383
24.944487 26.242196
25.423894 25.484411
25.681513 24.953303
25.186788 25.188550
25.574449 25.769407
25.152996 25.562293
25.234994 25.949973
27.179947 25.102182
27.321408 25.149870
27.802256 25.129591
26.704634 25.149075
26.727771 25.622012
25.811092 25.592724
26.316763 25.507534
26.127085 25.751320
26.600412 25.840527
25.557512 25.379283
24.488635 25.481695
25.335249 25.940802
25.212989 26.710419
25.907195 25.720057
26.943561 26.064819
25.733114 26.220085
26.798639 25.933766
27.152946 25.645790
26.470644 25.930506
26.120656 25.741837
26.622089 25.298415
26.450744 26.465878
26.458425 26.010329
26.207751 25.753210
26.190816 26.300336
27.404805 26.185069
26.437545 25.935179
25.120212 26.165942
25.669771 26.060193
25.814391 24.990879
24.888194 26.389104
23.746556 26.020800
23.541055 26.119457
23.898781 26.172824
23.464750 26.050255
24.072152 25.908242
24.162521 26.483083
24.990997 26.506979
25.135151 26.401065
24.862891 25.750183
25.785269 26.394922
25.238951 26.790150
25.252629 26.243213
24.534748 26.894691
24.046078 26.799363
24.541992 26.248039
24.547119 26.873488
24.570294 26.033741
24.423736 26.153648
24.520120 26.657821
25.331727 26.346663
24.700696 26.703421
25.188468 25.959081
25.737947 25.642769
26.258545 26.367556
27.222482 26.136647
26.623189 26.693908
27.752154 25.854254
26.886153 26.101103
27.622955 25.483683
26.399725 26.013923
25.996886 25.707346
26.468102 26.750966
26.610727 27.040117
25.455329 27.593965
25.168596 26.890451
25.534841 26.937028
24.053067 27.044013
24.446785 26.404479
25.125896 27.007028
24.925919 26.405782
25.173919 26.334956
24.128193 26.274947
25.196562 26.051990
24.569372 25.739422
24.855458 26.581651
24.778859 25.936389
25.200236 26.284964
24.410342 26.642191
25.340681 26.052490
25.178979 26.337623
24.869596 25.925929
25.304432 26.247470
25.375622 25.747399
24.768669 26.172017
24.635282 26.362731
25.646309 25.868239
25.438240 26.710500
24.654858 26.320556
24.609103 26.435005
25.382731 25.844157
24.961935 26.335684
23.861365 26.743255
22.798781 26.961730
22.272815 25.726297
22.794459 26.210296
23.586940 26.463835
24.497868 26.480176
25.027890 26.890584
24.613875 26.426536
25.073389 25.513928
24.688246 25.661886
23.546192 26.386687
24.361155 26.377422
25.327970 26.440009
24.773058 25.848069
25.181094 26.012683
24.656332 26.301122
25.031018 26.276152
23.709153 26.457689
23.716108 26.355176
23.353030 26.039172
24.574150 26.444549
24.452619 26.756223
23.933232 27.966050
23.839156 26.542236
24.627608 27.231836
25.926494 26.809015
26.161511 26.668407
25.728131 26.532440
26.058057 26.849582
25.851403 26.583720
27.459741 25.586038
27.384133 26.848335
27.462343 27.035929
26.516273 26.973677
25.482247 27.210260
24.847087 26.871764
24.609828 26.587456
24.358882 26.959915
24.412408 26.698592
25.255021 26.506066
25.273282 26.275144
25.245374 26.333231
24.702335 26.489926
24.365987 26.234282
25.741497 26.362234
25.974433 26.687146
25.920800 27.497869
24.864089 27.146501
25.371149 26.764102
25.285119 27.234868
25.007468 27.138956
24.759836 25.794270
23.489234 26.128717
23.828745 25.745506
23.202187 26.329169
23.284933 26.560522
23.221652 26.827363
22.769423 26.261281
23.234834 26.061138
21.954935 25.354301
22.888425 25.807594
23.269097 25.421401
23.161297 25.671521
23.757002 26.163517
23.437972 25.779208
23.392232 25.970008
23.531789 26.174125
23.559410 26.360446
24.168196 26.095519
23.541158 26.031075
24.336368 26.649665
24.260592 26.466903
24.722305 25.402971
24.907764 26.579844
24.451027 26.241408
24.070311 26.037449
23.730967 26.298258
24.532674 26.364581
24.318985 26.482551
25.477470 25.568681
24.491630 26.125104
25.051126 26.628620
24.795744 26.800187
23.673307 26.685485
24.016644 25.945548
22.265936 26.865455
23.864373 26.278050
24.369216 26.252816
23.608371 25.998880
23.269518 26.255870
23.679700 25.410368
23.120463 26.040245
23.328959 25.864386
22.748565 26.434315
23.440586 25.661512
23.312363 25.227244
23.038763 26.245332
22.433721 25.996650
22.834532 26.400797
22.523767 26.255877
21.852349 27.100976
22.587274 25.638807
22.267556 26.620405
22.555463 26.567238
22.871623 26.517396
21.183717 26.822433
21.024345 26.348403
22.417412 25.786131
22.396816 26.115863
23.348483 26.132476
23.936370 25.723858
21.694640 26.827483
22.123201 25.823333
22.179730 26.776222
22.667262 26.452566
22.631837 26.554440
22.869124 25.732533
22.974785 26.516904
22.516939 26.044034
22.579587 26.000247
23.542098 25.783755
24.141552 26.245063
23.582821 26.309351
23.907416 26.106028
22.965617 26.027903
23.621178 25.754090
23.986869 25.703768
24.002908 25.920388
24.820632 26.303807
25.256031 25.556325
24.789119 26.175142
26.113177 26.079390
25.866105 25.781283
26.463896 25.606319
26.066313 26.547009
25.773944 25.861127
26.720061 25.806164
26.321818 25.314623
26.609335 25.621563
25.543111 25.572814
26.851023 25.485209
25.599289 25.136574
25.771400 25.267410
26.169830 25.526644
25.747275 25.142121
25.669764 25.656526
26.335826 25.302892
27.150846 25.627574
26.068749 26.247341
25.945064 26.244356
26.075112 25.769317
27.041020 25.424011
27.087410 26.467402
28.153235 25.297329
28.296598 26.068254
27.559455 25.884856
27.286391 25.694640
27.943648 25.994547
28.020602 26.461172
28.612392 26.685462
27.036374 25.783241
26.946986 26.281398
26.492794 26.141539
25.230644 26.147638
26.667187 26.696952
26.025509 26.433865
25.902023 26.238695
27.107380 25.945369
26.494101 25.539053
27.260114 26.605290
26.066606 26.115143
25.073703 26.615799
25.602923 26.231139
25.203532 26.631900
26.301635 25.988384
27.700095 25.837573
26.952278 26.291513
26.591835 26.134286
26.999335 26.624766
27.638789 25.377408
27.117968 25.958767
25.902129 26.063515
25.554533 26.327994
25.090515 26.728374
26.088629 25.432838
25.681676 26.474887
25.520884 26.684384
26.396862 26.230004
26.061978 26.140125
27.471531 25.311616
27.390783 26.294759
27.530321 25.960510
26.249108 25.864850
26.820493 25.927326
26.708188 26.343839
25.917373 26.451427
26.060635 25.892949
26.042522 26.186434
26.382745 26.279599
26.287355 26.247402
27.010993 26.367964
26.341289 26.457413
25.706208 26.108118
25.598553 27.389413
25.260424 26.399872
26.639031 26.229092
25.370042 26.622740
25.875942 26.140591
25.836139 25.537166
25.821200 25.967810
26.077723 25.537281
25.919498 26.049938
25.859677 25.918272
25.805540 26.125462
25.324715 24.647013
25.997710 26.252067
25.352133 25.676395
23.335466 26.313683
24.535332 25.361852
25.475876 25.441148
25.309758 25.196414
25.195727 24.415225
25.793693 24.725452
26.148451 24.596281
26.459440 25.048885
27.231916 24.735140
26.695264 25.140877
26.735519 25.231421
26.694144 25.160762
25.566169 25.203170
25.100784 25.067603
26.687574 25.342305
26.870265 25.648211
26.977528 25.177045
27.256606 24.991098
28.178555 25.248144
28.117756 25.309482
27.641266 25.255252
26.864003 25.529456
26.337477 25.771500
25.489331 25.942253
25.620879 24.825435
24.431871 25.714185
24.092695 25.242070
25.274225 25.441177
24.855874 25.155038
25.694803 25.834211
26.689331 24.549961
28.213419 26.070369
27.687750 25.850379
28.260932 25.981648
27.865656 25.775116
27.999048 25.754641
27.201379 25.901471
26.483775 25.531586
27.339169 26.038395
27.348598 25.746182
27.471506 25.716852
28.237082 25.339366
27.514493 25.320743
26.967368 25.846559
26.652245 25.212033
26.507961 26.387445
26.645039 26.266229
26.523303 25.866943
26.688024 25.250449
26.214283 25.784252
26.742373 25.885500
26.995996 24.959733
26.446913 25.302705
26.334585 25.824482
26.012020 26.732938
27.278987 25.353038
27.829754 25.524935
28.488699 25.980232
27.769345 26.120766
27.437348 25.987550
27.509309 26.630940
28.232649 26.458813
28.089485 26.432429
27.581710 25.892241
27.452632 26.286986
27.253057 26.569811
28.245711 25.794109
27.666805 26.706042
26.669154 26.613147
27.496750 26.154734
29.082868 26.150509
28.437063 25.930030
28.333320 26.508907
27.722054 25.870129
27.093597 26.202204
27.489804 25.883734
27.869554 26.844772
27.316643 26.729313
27.816364 26.775576
27.481400 27.465594
27.774347 26.669904
27.381194 26.637147
27.949116 26.626344
27.447393 27.514072
26.904994 27.592861
27.342807 27.325710
27.146220 26.398579
27.052093 26.514100
27.504108 26.617868
28.694467 25.793019
27.873421 26.047086
27.937571 25.565154
27.544413 26.481514
27.163174 26.401698
27.315016 26.254078
26.547335 25.889069
26.837585 25.806223
26.884719 25.647248
26.517249 25.549947
26.254831 25.946857
26.789056 25.994521
27.087262 25.313410
27.515939 25.996294
27.576358 25.786783
28.314163 25.700273
27.949378 25.757525
28.028245 26.179834
28.221255 26.274826
27.457044 26.493123
27.306934 26.691403
27.106114 27.672861
27.811788 27.437467
28.175172 27.371002
26.935732 28.132635
28.047225 27.553620
27.379468 28.409580
27.957752 28.309036
28.564042 27.606549
28.126167 27.414650
28.293121 28.184720
27.831959 27.729398
27.171488 27.307713
26.858482 27.129197
27.033510 27.893385
28.312598 27.164840
28.697488 26.966749
27.662899 26.754371
26.904627 27.205611
26.235442 28.098533
26.702882 27.161724
27.175820 27.540061
27.383028 27.117343
26.915239 26.278268
26.802564 26.179370
27.714769 25.791990
27.964321 26.026239
27.056081 26.499708
27.153554 26.160865
27.134861 26.132581
27.458817 25.492020
26.612826 25.596309
26.925823 25.439123
25.403597 25.647364
24.255188 25.495898
25.212448 26.130299
25.227342 26.132409
26.406023 25.967364
25.476973 25.381470
25.454067 26.287545
26.310778 26.715831
26.898522 26.264904
27.238509 25.985230
26.583557 26.634829
26.830978 26.772983
27.657227 26.746716
27.448009 26.036585
26.793484 26.455003
27.356941 25.659039
27.850250 26.368262
27.839337 26.343990
26.670819 26.778147
27.234801 26.581062
26.965554 26.173887
26.615798 25.242900
26.136424 25.819920
27.802770 25.502817
27.207779 26.271533
27.427308 26.173336
27.424337 25.935376
27.318712 25.520556
27.876741 25.723298
27.111119 25.826059
26.941096 25.557599
27.158556 26.207562
27.749756 26.272239
27.783031 25.104129
27.733660 25.247580
26.940962 25.859197
26.312936 25.419550
26.237354 25.673608
26.778468 25.869260
25.996846 25.919526
26.316169 25.591341
25.256460 24.598675
25.704920 25.323636
25.896599 25.308378
26.262618 25.308760
26.537926 25.208569
26.311034 25.745297
25.895502 25.975549
25.273240 26.258845
25.739232 25.680945
25.394523 25.452564
26.641427 25.735384
27.287158 25.562348
24.970362 26.876298
25.719805 25.642956
25.515319 25.348157
24.997158 25.389813
25.065708 25.622208
25.494402 25.998502
25.030393 26.228780
25.170692 25.671667
25.554162 25.695649
25.127525 25.727931
25.992946 26.253279
26.577107 26.371174
27.269372 26.326530
26.046194 26.262173
26.281348 26.349191
26.726350 25.855851
27.728594 25.626203
27.337740 25.508179
26.537282 26.046449
25.801564 26.084391
25.683634 26.151805
24.816465 26.091809
25.078874 25.726703
23.694094 25.785950
24.644788 25.900478
25.416215 25.276985
25.008129 25.796613
25.543059 25.405705
25.199484 25.905112
25.547183 26.256428
23.533782 26.256741
24.731823 26.367092
25.747781 26.745951
26.123456 27.001175
26.798023 26.344389
26.598681 25.994143
25.719196 26.103516
26.476069 26.320146
27.678047 25.900005
27.769664 26.429969
26.810841 26.782949
25.880656 26.357675
25.056188 26.360025
24.698717 26.024479
24.088066 26.294379
24.047954 26.033902
23.880935 25.207480
23.639802 25.928241
23.292568 25.774375
24.149085 25.881506
26.303432 25.989915
26.172530 25.803527
25.704280 25.818093
25.140185 25.811658
23.121655 25.680632
22.705763 26.394494
25.048334 25.541817
24.984277 25.732609
25.234956 25.978608
24.116550 26.181989
24.542812 27.036496
24.781284 26.496515
25.057983 26.041999
25.893072 25.942473
26.141186 26.439211
25.406116 26.188731
25.114933 25.617631
25.798680 26.505324
26.258090 26.221678
25.485909 26.191917
25.508756 26.474218
24.426199 27.032805
24.062030 26.985052
23.365969 27.135368
25.005937 26.567259
25.694177 26.140735
24.787934 26.508386
24.460158 26.064537
24.735316 26.249399
24.552261 26.435664
24.847348 26.841020
25.190507 26.536504
25.688346 26.175692
25.953468 26.842902
26.025027 27.201785
25.858718 26.732420
26.084527 27.345083
25.597181 26.230333
26.223878 26.553818
25.999824 26.228307
24.980565 26.504107
24.631042 26.848420
24.570516 26.749499
25.198124 26.714451
25.784497 25.590507
25.636634 26.310996
24.677422 25.947469
23.866848 26.145001
24.058153 26.039290
23.900392 26.790547
24.688298 26.647110
24.876287 27.516295
25.623446 26.832223
26.246994 26.389064
26.384342 27.392619
25.838463 27.416956
26.758762 27.417507
24.992151 26.857482
25.325752 27.443852
26.617600 26.724623
26.520959 26.646972
26.559661 27.037720
26.340511 27.424177
26.284775 27.089358
26.236619 26.559536
26.430822 26.900892
26.368824 27.342768
26.997166 27.094496
26.797777 26.964451
25.690758 27.555183
25.312294 26.916898
25.715114 27.229343
26.195290 26.656429
26.994046 26.744549
26.789902 26.253416
26.883622 26.902509
26.860737 26.993944
26.942655 26.980846
26.930951 27.640399
27.544211 27.082158
26.591074 27.439493
27.258833 26.785351
27.253864 26.524431
26.541148 27.289291
26.572190 26.654046
25.989437 27.065540
26.536850 26.721869
25.731933 26.690238
25.173275 26.912932
26.102312 26.870143
26.453549 27.704968
25.693340 27.386916
25.715584 26.573824
25.543218 27.001934
26.368132 26.984067
26.453096 27.040325
26.093540 26.654919
26.312871 26.599672
27.454173 26.874349
26.718555 26.481466
25.932347 26.855795
25.479698 26.879543
25.468102 27.062401
25.538051 27.233458
25.696851 27.223955
27.127161 27.456846
27.182114 27.146381
27.537193 27.084568
26.432169 26.878683
26.652278 26.893986
26.646722 27.125276
26.058367 26.940019
25.038355 27.543408
26.452017 27.828321
27.188063 27.744934
27.151476 27.064229
26.508275 26.752557
27.208102 27.089930
27.441498 26.905031
26.959735 26.466370
26.395844 26.995995
25.559379 27.532429
24.743187 27.111879
25.573196 27.076393
25.920107 27.131068
26.275534 26.604357
25.954747 26.917935
27.220704 26.785420
26.505208 26.835438
26.226549 27.511764
26.603599 26.176118
26.583504 27.222125
27.304108 27.762311
27.089324 26.865511
26.947478 27.120198
27.369010 26.932655
26.567630 26.778249
27.556768 26.422496
26.407052 27.036472
26.526500 26.417135
27.428567 26.436389
27.343383 26.789387
28.003273 26.152123
27.598371 26.584346
26.924592 26.551348
26.504933 26.266504
26.279654 26.293690
26.581758 26.214169
27.540057 26.046063
26.748890 26.113692
26.881115 26.191724
26.172226 27.064216
26.304244 26.762364
25.397791 27.012947
25.928040 26.223136
25.575392 25.841990
26.884132 26.650515
26.859326 26.652911
27.658985 26.586554
27.164549 26.651618
27.145799 26.575112
27.865334 26.883725
28.443157 25.873210
29.267084 25.634913
29.092404 26.452763
29.842604 26.167582
27.640279 26.498106
28.333673 25.888849
27.674603 25.897605
27.724759 25.581725
26.522552 26.745852
26.691009 26.047632
26.534363 25.494056
26.289756 25.784159
26.208437 25.438197
26.728592 25.221746
26.314369 26.040016
26.428514 26.221237
26.176787 26.707943
27.489771 25.973025
26.454047 26.517652
27.562125 26.476474
26.416961 26.800546
26.836010 27.002037
26.918861 27.410346
26.933387 27.098762
28.018930 26.637766
27.400771 26.027183
26.798515 26.915443
26.833269 26.840057
27.511418 26.173050
27.594066 26.462864
26.751935 25.923683
27.306440 25.777165
26.730427 26.780110
27.614054 26.361801
27.428382 26.805109
27.729297 27.143598
27.395146 27.132390
26.644448 26.877358
25.766947 26.652222
26.106461 26.625856
26.825961 27.117155
26.232078 26.624041
27.374852 26.105683
26.133961 26.201401
26.155604 26.489666
26.754560 26.275451
27.319333 25.462060
26.788418 26.189063
26.895259 26.470501
26.234282 26.982386
26.889671 26.616884
27.111695 26.539409
26.828844 26.842570
28.084467 26.419653
27.692282 26.479276
27.272739 27.182915
27.490262 27.740364
28.299924 26.871401
28.132680 27.638638
28.595303 27.124034
28.295261 27.341119
28.173786 27.254142
27.570002 27.067161
28.340851 27.092566
27.772889 27.722238
27.758994 27.389928
29.216434 27.368019
27.961290 27.216561
28.021326 27.532285
27.775374 26.524840
28.492442 27.416441
28.479038 26.755482
29.326452 26.775379
30.659768 27.188310
30.444869 27.318370
30.184014 26.798923
29.980858 27.325334
28.290575 27.200451
26.949210 27.975662
26.282764 27.186042
27.342916 27.572128
27.632388 27.345086
27.714411 27.450777
27.638396 27.437255
27.883255 27.486672
27.153078 26.606409
27.142402 27.029479
26.925814 27.334363
26.712751 26.969919
27.741290 27.158154
28.077047 27.301304
27.657289 28.171686
27.439782 27.722207
27.109984 28.523443
26.861203 27.884210
26.489497 26.640761
25.771101 28.111801
26.426978 27.659311
27.018726 28.361362
27.229342 27.883611
28.421412 27.692438
28.916941 27.355461
29.011585 28.160968
27.934670 27.451044
27.991540 27.718020
27.301069 27.481021
26.526705 27.671728
27.081590 28.177738
26.653102 28.342585
26.679311 28.155567
27.061698 27.935484
27.488468 27.337640
27.072970 27.928132
27.076689 27.112915
27.134003 27.245485
26.983052 27.825751
27.542892 27.574016
26.861221 27.088898
26.763876 27.669386
26.726702 27.852715
26.729068 27.106948
26.871137 27.429396
26.852156 27.831020
26.745137 28.355605
26.551465 28.406009
26.038978 28.463797
27.877705 27.596450
29.105988 26.621553
29.159208 26.488326
28.525151 27.381914
28.611348 28.704819
28.900646 27.918215
29.166772 27.919328
28.941070 28.194525
27.427606 28.010051
26.671158 27.774484
27.422756 27.766284
27.257022 28.311108
27.172458 27.162286
26.962757 27.557671
26.751405 28.188550
26.772356 27.971078
26.113918 27.837916
26.637152 27.051159
25.952576 27.612331
26.003171 27.979742
25.340236 27.865239
25.663446 28.224413
25.895343 27.287132
26.018823 27.862585
26.903751 26.903147
26.979333 27.792674
26.407770 27.755583
27.532253 26.878817
27.759718 27.545743
28.064413 26.866468
27.985876 27.988488
26.698452 27.219819
27.030091 27.274061
26.182982 27.198737
26.674517 27.551974
27.191432 27.485753
26.323392 28.014284
25.783030 28.135277
26.525659 28.654263
26.299904 28.016296
26.112672 27.541099
25.822208 28.582329
26.913990 28.377886
26.825633 27.654695
26.074199 27.926504
27.354471 27.960034
26.999965 27.783177
26.599601 28.368652
26.984402 27.881987
26.818709 27.480838
27.794560 27.787419
28.446735 27.598402
28.204774 27.091385
27.662252 27.138190
28.152544 27.196625
27.679349 27.430131
27.909751 27.216115
28.704796 28.212655
28.590753 27.081165
27.897250 27.796382
29.293253 27.483172
29.007930 27.845963
28.545372 27.382662
27.505178 27.165938
27.547644 26.636986
26.151211 27.539782
25.560386 27.864599
26.669896 27.288984
27.592857 27.516721
27.275839 26.562978
28.138928 26.492742
28.187343 26.234015
28.186941 26.329027
26.849084 26.179392
26.823900 26.486244
26.965053 26.872814
26.645967 26.844656
27.083886 25.800532
27.103695 26.335054
27.053354 26.245358
26.537571 26.697095
26.412862 26.547848
27.813096 25.557981
27.555071 25.541091
27.879245 26.422704
27.437937 26.276500
26.316798 26.404041
26.651967 26.459702
26.912718 26.022038
26.449984 26.294825
27.044884 26.108535
26.690495 26.216387
27.266612 26.038216
27.287516 26.036316
27.116172 26.761519
27.199994 26.106268
27.449089 25.737476
26.715764 26.391235
26.647582 27.506438
26.632544 26.985325
26.948861 27.036738
26.787081 26.442946
27.298444 26.325499
26.956343 26.314016
27.502211 26.121688
26.410215 26.622932
25.922161 27.446016
26.744815 27.704336
26.929859 26.962535
27.178593 27.103515
27.743748 27.527944
27.445056 27.193213
28.111092 26.982660
28.154225 27.033672
26.830917 27.657906
26.657417 27.419635
26.358895 26.956269
27.622237 26.802408
27.124873 27.304362
26.445923 27.244110
26.397350 26.475850
26.520940 26.526451
26.098384 26.817874
25.851306 26.755025
26.365885 26.733380
26.914037 26.521629
26.609698 26.261455
27.147073 26.606262
26.543914 26.695682
25.882358 26.959131
26.373776 26.944591
25.953586 27.109423
26.593269 27.158053
26.405786 27.441941
26.123142 27.181992
26.987371 26.785568
26.259838 27.558130
26.565297 27.341623
26.315714 26.952867
26.001346 26.856362
26.318709 27.010756
26.603397 26.989077
26.036504 27.438246
26.077254 27.224184
27.075026 27.682963
26.978089 27.386875
27.765501 27.708106
27.891655 27.750501
28.343986 27.373443
28.407966 27.690688
28.478591 27.597965
28.278378 27.367976
27.076352 27.095946
27.105955 27.833493
26.322153 27.620429
27.075845 27.594702
26.884572 27.806421
28.251754 27.859072
28.412135 27.541159
28.356872 27.287075
28.550913 27.470936
28.444421 27.987254
27.411334 27.449714
26.685713 27.225663
26.157127 27.619744
26.876462 27.852493
27.482980 27.210729
27.628878 27.746565
27.924858 28.119165
27.577816 27.964624
27.426190 28.032652
26.154709 28.245122
26.092567 27.765503
25.948587 27.650765
26.156668 27.905399
27.181614 27.377038
27.110007 27.201983
27.053893 27.611126
26.778920 27.858210
28.223785 28.491016
27.587262 29.369253
26.819256 28.645722
26.568747 28.017498
26.827597 27.617466
27.667028 27.969951
27.946343 27.700304
28.192640 27.060799
28.488933 27.589720
28.210774 27.371106
28.236245 27.616214
27.800534 27.309592
27.967543 27.105287
27.811613 27.155885
27.662326 27.893060
27.733702 26.973538
27.886463 27.309446
26.980026 27.165354
26.373328 27.467973
26.673382 27.976593
26.833600 26.934805
27.969659 26.816627
27.024233 27.138859
27.108011 26.820440
26.751204 26.843642
26.037738 26.667917
27.418145 27.271725
27.243281 27.840105
27.682304 27.694116
27.358091 27.705407
27.232825 27.096076
26.744761 26.625291
26.861112 27.073680
27.912136 27.127167
27.613607 27.512697
27.137439 27.678607
28.130409 27.539907
28.007985 27.661237
27.389662 27.468650
27.754002 27.095996
26.655609 27.440460
27.163775 27.392157
26.765818 26.727246
28.297727 26.448556
27.875905 27.093003
27.651136 27.265954
27.923454 26.866945
28.098793 27.145063
27.060535 27.721221
26.598762 27.398797
27.351123 27.582465
26.843817 26.933357
26.615621 25.766098
26.435045 26.809605
25.666658 26.789863
26.541965 26.883759
27.516064 27.248783
26.672155 27.256690
26.739769 27.100863
25.591192 26.903789
25.811514 26.929191
26.170311 27.490801
26.419047 26.688835
26.295016 27.139008
25.938764 27.625945
25.836179 27.067261
26.732254 27.382430
27.092405 27.718384
26.759255 28.316551
27.102700 27.949522
27.524281 28.307201
28.533534 28.241040
28.014391 27.900413
27.676932 28.193028
27.327717 28.502297
27.836225 27.836936
27.492383 27.882634
28.157986 26.659481
27.100408 26.661917
26.845898 27.281586
27.150984 27.639847
27.242832 26.996035
27.338383 26.737418
27.212158 26.515530
28.451590 26.335455
27.243548 26.244118
26.815570 25.565383
26.475345 25.986288
26.157786 26.075268
26.815605 25.876416
26.832040 25.734949
26.928592 25.701384
25.823829 25.593810
26.849321 25.822227
27.091620 25.818744
27.364397 26.067218
27.474837 26.078861
26.995509 25.946415
27.438210 25.958248
27.211035 26.297825
26.312677 25.856289
26.251347 26.045561
27.984631 25.586506
28.173354 25.384031
28.090532 26.511029
29.208223 27.136841
28.085789 26.773020
27.141498 27.098309
28.187323 26.708120
27.739303 26.536670
28.389514 26.578019
26.914969 26.870884
28.006795 27.183235
27.962509 27.492726
28.155486 26.232296
28.458115 26.555559
27.777515 27.237745
27.627195 26.859892
27.164834 26.736725
26.769055 27.518446
26.214920 26.845041
26.788033 27.288281
27.971305 27.196622
27.797751 26.783333
27.692904 26.567562
27.799459 26.224938
27.484561 26.519509
27.434188 26.214987
27.888709 26.523297
28.317956 26.968016
27.994605 27.026492
28.025935 27.482496
29.128009 28.054448
29.156938 27.522322
28.682252 27.828959
28.120395 27.557250
28.936041 27.631256
28.597608 27.953036
28.688143 27.423898
28.248965 27.251100
27.322589 27.199572
26.793245 27.822899
26.067221 27.066383
25.552134 27.640439
25.489395 27.428445
26.169337 27.011402
26.157491 27.479834
27.136182 27.661130
26.887515 27.911005
27.332038 28.227426
27.795248 27.085362
26.953227 27.766010
27.190380 27.268635
26.320420 27.768540
27.368193 27.041162
27.756863 27.346807
26.665199 27.498076
27.809828 27.215780
27.854199 27.481803
28.747060 27.364167
28.150205 27.744076
28.236974 28.057105
26.568769 27.491927
26.994734 27.584845
26.638315 27.772610
26.828502 27.486327
26.563533 27.789841
27.459115 27.262843
26.725043 27.299931
26.670803 27.249925
27.496264 26.793897
27.156704 27.339994
