# Domain 1 Core Distance
17.113271
17.425408
17.178881
17.615559
16.862579
17.231894
17.619889
17.902824
17.650518
18.865932
18.474650
18.980721
18.999082
19.190329
18.708277
19.839112
20.350434
19.351476
21.059717
19.867138
19.083113
19.411334
20.155867
19.264114
20.176727
20.194341
19.211054
19.952033
20.237710
19.713281
20.581871
21.149328
21.521214
20.579544
20.822158
21.120718
20.480194
21.728424
22.103133
22.999084
24.267579
23.493475
23.834447
24.925475
24.333893
21.479259
23.371228
23.944961
23.849322
24.063514
24.730801
25.634356
25.624677
26.167440
25.193334
25.786060
25.679045
24.841156
25.601033
25.405669
25.174565
24.738230
26.138569
24.634346
24.763512
23.380436
24.331429
24.627646
25.778754
25.277551
25.043975
23.376443
25.882412
25.540275
26.128964
24.207784
26.131012
27.264263
26.837863
25.753450
25.761660
26.052114
26.163156
27.030903
27.537607
26.295734
26.373007
25.455024
25.597246
26.117515
26.007022
26.570414
26.168644
27.302229
25.692050
28.165139
26.790274
27.322262
25.678747
24.954845
24.356559
24.783358
23.864188
24.196261
24.952580
25.903110
26.132819
26.652813
26.191313
26.185927
26.084962
26.159577
26.609164
26.933976
26.750856
27.645678
28.397645
28.519747
29.551839
29.342544
28.249176
29.241109
28.554852
27.405971
26.490430
27.565864
28.219102
28.587879
29.051445
28.517753
28.516406
27.957320
29.670059
29.977304
30.643378
29.894925
31.185007
28.922388
30.360979
30.616895
30.374144
30.845640
28.982262
30.577748
28.940194
29.022027
27.932391
30.006993
31.768298
30.826725
32.430156
31.555129
30.207133
30.310792
30.505504
30.640298
29.279415
28.989542
29.326971
29.044300
29.605616
28.943906
29.425458
29.334518
29.416058
29.066449
28.350725
25.404091
26.920643
26.008740
25.089074
24.261138
25.246061
24.902182
23.994811
23.818829
24.574769
26.052368
24.767682
24.983714
26.749534
27.041118
25.794806
26.953786
26.057260
24.934474
25.525639
24.123083
24.333731
25.296693
26.129874
26.245380
26.172132
25.270036
24.542856
25.859392
23.947096
24.042993
24.655950
25.115666
25.962363
26.055517
28.130159
27.400765
27.693539
26.995570
27.210284
28.448412
28.899804
27.864680
28.299726
27.134404
26.054103
26.146234
27.438650
27.195565
27.232418
27.280202
27.897754
26.979985
27.091261
27.706464
28.854935
27.956234
26.582744
28.826064
28.796941
28.780054
27.645244
27.022064
26.785679
28.720319
28.082948
26.545332
27.509025
28.429520
25.362705
25.664236
26.605868
27.398459
27.079347
27.044847
28.865284
27.499302
29.161297
29.959788
27.085931
26.600055
26.925569
26.639437
27.446440
26.497889
26.615548
26.891674
26.680764
26.101168
26.978933
26.206738
26.627762
26.655176
27.195503
27.167726
27.614584
27.543638
27.757236
28.201376
29.136486
25.301213
27.451892
24.855098
24.113778
24.094685
24.504715
24.901857
23.376280
23.707747
22.624546
23.810634
24.501751
25.027768
24.538146
23.731549
23.831584
24.501591
23.465086
24.905210
26.077203
25.428343
24.958609
25.835292
24.743242
25.334780
26.376748
27.953407
26.086337
25.145914
24.257192
24.397462
24.235048
24.371407
24.469187
23.573242
23.446392
23.679076
25.090005
23.830540
24.414894
24.486735
25.261037
25.392417
24.732470
24.080147
23.407936
22.728989
23.066325
24.386975
23.636923
24.139758
24.649283
23.066785
23.335144
24.478206
25.378417
25.509106
23.990371
26.157424
26.738471
25.559752
23.259611
23.815254
23.165731
22.665534
24.318354
24.485487
22.637804
23.708799
23.252624
24.676836
23.955652
24.379412
23.832607
23.887549
23.549821
25.511307
24.013718
24.079208
23.010956
23.491054
24.097819
24.406958
23.347993
23.509010
23.450203
23.868310
23.595235
24.169143
24.533366
22.785516
22.384977
22.383912
23.650834
23.755738
23.713417
25.164818
24.476231
24.865786
23.968563
24.131322
23.337251
23.679620
24.508054
25.283735
24.670699
26.099437
25.855823
23.812396
25.590842
26.688242
25.942600
25.488093
25.797297
27.377033
26.121093
26.531476
24.376480
24.653524
25.108965
24.465876
25.657160
24.490763
24.837309
25.344579
25.434919
24.968283
24.890553
24.292451
25.262393
24.583022
24.995047
23.805485
25.436084
25.851111
24.666249
24.509282
25.327841
25.001155
26.759429
25.281718
25.802816
25.758633
26.590010
26.756929
26.303197
26.347410
26.517750
27.281893
26.514272
26.761903
24.954252
23.724616
23.101918
23.812808
23.724305
26.346625
26.872389
26.341772
25.776250
26.231880
26.881456
27.400841
25.671677
25.928997
24.622700
26.888892
27.683949
27.864325
28.333420
27.049772
26.767919
27.518676
28.225976
28.739894
28.235193
28.125369
27.966874
27.772098
27.041994
27.500129
27.836721
25.968904
28.217741
26.069382
26.451719
26.295841
25.616555
24.796580
23.744369
24.799143
24.639497
24.177839
25.336125
24.365992
23.900650
24.538809
24.646708
23.936911
24.789024
25.375740
24.404272
24.573734
25.774955
25.464978
24.776483
25.437267
25.660700
25.360699
23.698886
21.601357
22.237096
24.424809
24.363471
24.463035
23.965607
23.611460
26.120368
25.519135
24.115061
24.761899
25.123577
25.245141
25.916386
23.538748
24.220470
23.943798
24.824136
24.962150
25.444965
26.451809
24.696814
25.383323
24.787316
25.211312
24.834574
24.583298
26.419030
26.017394
26.618103
26.084425
26.085064
24.583448
23.826638
24.618307
24.358801
24.070557
22.985227
23.067575
22.639908
22.764712
23.574386
24.396654
23.349470
23.988225
23.353392
24.935721
22.984454
23.763786
22.198328
23.977855
24.985212
24.192145
24.659980
24.797395
23.316381
22.637909
24.371570
24.785257
23.263497
23.848093
24.472999
24.425375
23.771946
22.964888
24.965438
24.290373
25.380770
25.069906
24.238750
23.765682
25.038762
24.324768
24.148764
24.058707
22.817101
24.179599
24.799463
24.777752
23.973886
23.979922
24.890486
24.406811
24.915876
23.937262
23.871478
24.758464
25.709625
23.994744
24.963119
26.505319
26.080946
23.735799
23.184469
24.870364
24.748898
24.232878
23.076100
23.002390
25.242889
24.701167
24.503048
24.757800
23.961270
22.601927
24.021281
23.757082
23.604447
24.182451
24.457875
24.215048
24.036266
27.271587
26.083031
23.573931
24.982059
24.621187
25.548073
26.784588
25.181597
25.040688
24.340357
24.301488
26.344031
26.269164
25.982822
26.542176
27.021943
25.226234
26.670659
26.347252
27.455960
24.406711
25.100210
24.813040
24.224932
23.291173
24.221865
25.007418
25.361098
23.094656
24.056519
23.434940
23.215625
21.370522
22.148792
21.362614
20.701506
23.195448
23.220397
24.235049
25.488790
24.382693
24.351474
24.011579
23.767192
23.365489
23.860376
23.294361
22.672346
24.224399
25.348797
25.321309
25.261268
25.027753
24.434375
24.664649
24.444158
24.542612
24.357444
26.726763
26.635361
26.599670
27.332085
25.650374
26.779576
24.367233
24.419169
24.534272
24.335554
24.836883
25.013708
24.430365
24.045311
23.886272
23.551158
23.713945
23.694354
24.651856
25.142049
25.419038
24.120367
24.693612
24.741992
25.643679
25.859784
26.056911
26.996314
25.983934
26.574905
27.899075
27.115926
27.443653
27.910089
28.068070
26.191061
26.295694
25.103936
23.850586
24.955688
25.628083
25.475076
27.177276
27.691596
27.739472
25.792496
24.198922
25.643619
25.774122
28.396429
27.611688
27.371259
25.645714
26.186823
27.265107
27.004383
29.021814
26.772535
26.839460
26.284843
26.024695
27.936118
28.215664
26.732093
26.938502
27.372636
24.811506
25.259513
25.306134
25.367054
25.196016
23.697266
24.526121
25.670525
25.641755
27.160823
28.498493
29.413724
27.739840
28.276067
26.521243
27.907248
27.613500
27.563577
27.287771
27.830703
27.770842
26.969973
27.637519
28.882718
28.569340
29.217079
27.821035
27.870749
29.607888
28.768596
27.120974
28.525526
27.802560
26.895748
26.952049
28.076994
27.233089
27.868222
26.743075
26.338179
27.889814
26.809954
27.414145
25.914014
25.577453
26.519706
26.460599
27.217107
26.297856
25.316772
23.709602
22.894566
25.097568
25.312454
24.821569
26.253275
26.885999
25.767283
24.350079
25.682951
25.150826
24.934584
24.862222
24.866868
24.526537
24.240081
26.368189
26.125748
26.071275
24.229146
23.892020
23.974207
24.901708
25.657347
23.328805
22.555489
22.946136
24.145910
23.825862
26.303660
24.469388
26.392786
24.250915
24.734001
23.526807
22.330564
24.275909
24.251993
22.780910
24.765051
25.221032
24.152640
24.133539
25.513152
23.345425
23.881633
23.615886
23.773969
24.779808
24.549772
25.537400
25.092978
24.263100
23.366662
23.213224
23.156752
23.668710
22.970156
22.373122
25.035831
24.949420
25.921363
24.944492
25.574454
27.321411
25.811097
25.557517
25.907201
27.152951
26.450750
27.404809
25.814397
23.898786
24.991002
25.238955
24.541998
24.520124
25.737950
27.752158
25.996890
25.168602
25.125901
25.196568
25.200242
24.869601
24.635287
24.609108
22.798787
24.497874
24.688251
24.773064
23.709158
24.452624
25.926500
25.851408
26.516279
24.358888
25.245379
25.974437
25.285124
23.828751
22.769429
23.269103
23.392236
23.541162
24.907770
24.532678
25.051131
22.265941
23.269523
22.748570
22.433727
22.587280
21.183724
23.348489
22.179737
22.974791
24.141558
23.621184
25.256038
26.463900
26.321822
25.599292
25.669768
25.945069
28.153240
27.943651
26.946990
26.025514
27.260119
25.203536
26.591839
25.902134
25.681681
27.471536
26.820496
26.042527
26.341295
26.639035
25.821203
25.805546
23.335471
25.195731
27.231922
25.566173
26.977534
27.641270
25.620885
24.855879
27.687755
27.201384
27.471511
26.652249
26.688030
26.446918
27.829759
27.509314
27.452637
26.669158
28.333325
27.869558
27.774353
26.904998
27.504112
27.544420
26.837588
26.789063
28.314169
27.457049
28.175178
27.957758
27.831963
28.312602
26.235446
26.915243
27.056086
26.612831
25.212453
25.454072
26.583563
26.793490
26.670824
26.136428
27.424340
26.941101
27.733665
26.778474
25.704926
26.311040
25.394529
25.719810
25.494406
25.127530
26.046198
27.337743
24.816471
25.416221
25.547186
26.123462
26.476075
25.880661
24.047960
24.149090
25.140190
24.984283
24.781290
25.406123
25.485916
23.365974
24.460163
25.190512
25.858724
25.999828
25.198129
23.866855
24.876291
25.838468
26.617605
26.284779
26.997172
25.715118
26.883626
27.544217
26.541153
25.731938
25.693344
26.453101
26.718559
25.538055
27.537197
26.058369
27.151481
26.959738
25.573201
27.220708
26.583509
27.369014
26.526504
27.598376
26.581764
26.172230
25.575398
27.164552
29.267087
28.333677
26.691013
26.728596
27.489774
26.836014
27.400776
27.594072
27.614059
26.644452
26.232082
26.754564
26.234287
28.084471
28.299928
28.173791
27.758997
27.775378
30.659773
28.290579
27.632391
27.153083
27.741296
27.109988
26.426982
28.916946
27.301073
26.679316
27.076693
26.861226
26.871141
26.038983
28.525157
28.941075
27.257027
26.772360
26.003175
26.018828
27.532256
26.698456
27.191436
26.299907
26.825638
26.599604
28.446741
27.679352
27.897255
27.505181
26.669900
28.187347
26.965058
27.053358
27.555075
26.651974
26.690500
27.199999
26.632548
26.956347
26.744819
27.445061
26.657421
26.445927
25.851312
27.147078
25.953590
26.987375
26.001353
26.077259
27.891660
28.278382
27.075848
28.356877
26.685718
27.628884
26.154714
27.181618
28.223789
26.827602
28.488938
27.967549
27.886467
26.833605
26.751208
27.682309
26.861118
28.130414
26.655614
27.875910
27.060540
26.615626
27.516067
25.811519
25.938769
26.759260
28.014396
27.492389
27.150989
28.451594
26.157791
25.823832
27.474843
26.312682
28.090537
28.187327
28.006799
27.777520
26.214924
27.692908
27.888714
29.128012
28.936046
27.322594
25.489399
26.887520
27.190383
26.665202
28.150209
26.638320
26.725047
