# Domain 2 Core Distance
22.510828
22.224692
22.179060
22.580783
23.154671
23.131369
22.786210
23.765919
23.276411
23.661141
23.884647
23.564842
22.332223
22.537914
22.242524
22.276804
22.683512
22.795650
22.850937
23.705602
23.099191
23.097653
23.068746
23.218412
23.109821
23.085135
23.121942
23.397451
23.482859
23.367454
23.270108
22.953894
22.582784
22.861018
22.684824
23.311832
22.572287
23.130008
23.335080
22.830506
23.094261
23.414932
23.473150
22.561703
22.985167
22.859084
23.490360
22.902512
23.033802
23.104164
23.348118
23.472763
22.982017
24.533359
24.415386
25.295512
25.296828
25.090840
25.120202
25.277323
23.789382
24.994067
25.595346
25.996326
24.721773
24.203948
24.278708
25.286389
25.519560
24.496559
25.304315
26.456268
25.144117
25.173719
26.300386
26.581794
25.369876
26.234452
26.217983
25.850662
26.030363
27.674785
26.625218
26.553520
26.786359
26.616869
25.533331
25.299348
26.298670
27.848465
27.407615
26.031594
26.348261
26.235033
26.860548
25.577567
26.270052
25.951508
24.949534
24.872385
25.845155
25.129107
25.735130
25.648676
26.689757
26.257710
26.084215
26.284834
25.815447
25.650787
25.972059
25.732363
26.952905
26.391009
26.271970
26.316445
26.381089
26.959542
26.622400
26.400934
25.999088
25.755252
26.255284
25.815748
24.938262
25.733480
26.061914
25.679204
25.665689
25.602485
26.824414
25.426072
26.478528
26.333455
26.836234
26.475621
25.795295
26.371936
25.498047
25.803874
25.888709
25.815568
25.799839
24.093625
25.223433
26.172303
26.749017
26.782593
26.508059
26.347798
25.554651
26.075280
27.066484
25.807009
25.177848
25.079628
26.280157
25.500856
26.412700
26.031736
24.689666
24.482736
25.509389
25.041023
24.301651
25.143185
24.482970
25.033577
24.496707
24.165604
24.876158
24.423495
24.984848
25.125527
24.314733
24.176662
25.152100
24.168837
25.500386
24.061526
24.757230
23.900517
24.247629
24.959978
24.443900
24.299059
24.183017
23.734359
24.981947
25.588498
26.082392
24.355265
25.111597
25.507551
24.787812
24.289312
23.827619
24.093189
24.245136
24.798010
25.030826
25.377983
24.322368
24.861239
24.556691
24.662477
24.788660
24.429505
25.010538
24.500787
24.864591
25.545789
26.029057
24.511961
24.446768
24.922812
24.855150
24.834462
23.978686
24.882630
24.562314
24.107207
24.790191
24.372388
24.502352
23.396795
23.139101
24.011092
23.162710
23.924177
24.244133
24.112249
24.338195
23.686358
23.466862
23.267044
23.305855
23.501399
22.733907
23.187214
23.909879
24.287915
23.133641
24.020132
23.164694
22.229099
23.322745
23.023159
24.036059
23.964673
22.878297
23.440780
23.894742
23.059942
23.117299
23.006113
23.475057
24.264784
23.004106
23.164776
23.251481
23.727361
23.791551
22.803617
23.644410
24.092273
23.903889
23.602785
24.275163
23.575027
23.781483
23.676496
23.551071
23.884867
23.532777
23.209305
23.928245
24.278841
23.095292
23.395681
23.337819
23.474284
23.574964
23.302180
23.830424
23.599158
23.957312
23.693102
24.061624
23.904723
23.685398
23.913033
23.960509
23.928741
24.164443
23.894952
24.294713
24.191012
23.724525
23.532644
23.320674
23.077197
23.197672
23.456811
22.982316
22.510312
23.465508
23.968162
24.020975
23.545886
23.411320
23.382482
23.805692
23.814457
24.212961
25.277816
24.160414
24.719420
25.247703
24.817929
25.026920
24.806128
24.274833
24.778596
25.148803
24.660373
24.899072
24.390892
25.180591
25.703848
24.264764
25.538968
24.519582
25.160967
25.169320
24.802916
24.421012
24.445985
24.609012
24.909716
24.815989
24.669810
25.719139
24.593350
23.944122
24.832410
25.440521
24.699153
24.957564
25.383185
24.972509
24.781261
25.915437
26.780056
25.758512
25.559018
25.019587
25.093633
25.483890
25.137330
25.746396
26.212666
24.899266
25.058468
26.037157
25.849326
25.356405
24.324303
25.560988
25.398434
25.142978
24.633271
25.068552
24.926735
24.786771
25.337412
24.782651
24.539868
24.839865
25.313805
25.881294
24.566801
25.690874
25.621352
26.053365
25.543852
25.642197
25.558933
25.436728
25.627940
25.274770
24.729053
24.380918
24.282514
24.537782
24.945066
25.091964
25.277935
25.368940
25.557830
25.551513
24.970898
25.555428
26.287253
26.120625
25.448042
25.062004
25.526736
24.980953
24.603408
25.697036
24.957711
24.781848
25.003481
25.068928
25.774687
24.590186
24.463488
24.980313
25.096635
25.106083
24.392933
24.681764
24.978400
24.689711
24.467481
25.631627
25.091134
25.020391
24.445807
25.006104
25.232823
25.302876
25.283175
25.733659
25.558859
24.492123
24.623382
25.152849
24.800432
25.608770
25.079914
26.089538
25.551365
25.162195
25.567090
26.004772
26.171751
25.834353
25.317830
25.106803
25.265680
25.972341
24.887551
25.654248
26.250546
25.343464
24.735612
25.797884
24.819680
24.861806
25.507959
24.292147
25.290629
24.964189
25.283173
24.936461
24.603125
25.113632
25.777560
26.083631
26.347709
25.627940
25.438596
24.586759
24.917417
26.842117
25.631113
25.260521
24.909759
25.598442
25.047807
26.010480
25.077174
24.455362
24.791937
25.261419
25.833824
25.143217
25.548112
24.924299
26.568665
25.723383
25.501012
25.773118
25.793359
25.407394
25.557490
25.727938
26.616178
26.102145
25.849745
25.792456
25.627753
24.903273
24.940583
25.276814
25.175368
25.813387
26.036466
26.184743
25.687540
25.958683
26.470324
25.202971
25.381408
25.019490
24.806509
26.144243
27.080783
25.452951
25.685677
26.162658
26.256191
26.208712
26.857943
26.026436
26.015385
26.678082
26.546421
25.691663
25.727572
26.350593
25.890984
25.954602
25.824594
24.122441
25.496425
26.189859
25.656129
26.009151
25.522220
26.110319
26.413135
26.702260
25.592182
25.531135
25.110744
26.414289
25.627253
25.858496
25.724553
25.174636
26.213190
25.804304
26.275184
26.462138
25.979638
26.086602
26.915454
26.910758
26.800266
26.595280
26.774666
26.152123
26.067391
26.155293
25.837804
25.180309
25.227303
24.520747
24.539018
24.955721
24.967632
24.245263
24.459099
24.779951
25.677775
24.401993
24.875613
24.771531
25.387630
25.148196
26.250918
25.856612
26.162091
27.153678
26.488655
25.857241
24.963007
25.473615
26.259757
26.236997
24.714622
25.974797
25.919835
25.565374
26.322588
26.013680
27.065321
26.170630
26.234661
26.585377
26.719650
25.866629
26.351696
26.130295
27.225989
26.081196
26.152011
25.810875
26.184396
25.982609
25.419139
24.499363
24.709007
23.696232
24.888019
25.605256
25.248985
26.073619
26.264313
26.289134
25.822356
25.978759
26.560477
25.893180
26.381935
26.576580
27.071628
26.747561
25.819535
25.635874
26.521869
25.874824
25.492576
25.856751
25.230415
24.972165
25.062319
25.951951
26.690252
25.150781
26.201599
26.338554
26.025868
26.359733
25.822936
26.407017
26.100679
26.520584
26.493338
26.111779
26.959485
27.315599
26.531401
26.321324
26.389346
26.503407
27.938571
26.734433
27.038548
27.589383
27.966797
27.135809
28.022937
26.336198
26.592160
27.092256
28.186284
27.052880
25.899257
25.635138
26.669680
24.817528
26.289606
26.132753
26.690800
26.980049
26.931428
25.871933
26.949995
27.323494
26.414507
28.198934
27.621061
26.593525
26.836478
26.541865
25.016828
25.907649
27.396549
26.958695
26.746812
26.622699
27.105751
27.288575
27.751779
26.785969
27.087580
25.758308
26.253152
26.494452
25.789748
25.033812
25.406588
25.720039
26.916527
26.220276
26.760372
26.494528
25.316718
26.039277
25.817659
25.958247
27.002984
25.482819
25.232122
25.837563
27.007900
25.424690
25.326474
25.075075
25.924895
25.645710
26.595150
26.341769
26.680631
26.367370
26.529374
25.852484
25.337620
26.493748
26.508681
26.236435
26.490583
26.810276
27.922723
26.215640
26.233827
27.141879
26.919579
26.570868
25.581467
26.506095
26.479477
26.196623
26.615610
26.533222
27.304350
26.724914
27.082957
27.467197
27.578646
26.724751
26.559163
25.702668
24.453107
24.487160
24.891890
24.983497
24.924711
24.765338
25.578265
25.685677
26.770802
26.165109
26.449751
25.617529
26.271915
25.713889
25.865044
25.338402
24.983010
25.046798
25.534447
25.681009
25.386937
26.746561
26.371621
25.372635
25.143040
25.526883
25.256191
25.994413
25.736156
24.039063
24.450703
24.416853
23.764373
24.631775
25.103503
24.993634
25.584197
25.296479
25.676214
25.315748
26.068420
25.517296
26.071395
26.681168
25.567963
26.832852
26.812157
26.939505
26.162125
27.066387
27.524716
26.498154
25.749648
25.296163
26.327988
26.371440
25.884429
25.929696
27.052864
26.752702
27.182911
25.502360
26.937250
26.076442
25.843142
25.812368
26.527238
25.900908
26.242217
25.769439
25.149880
25.592739
25.379305
25.720071
25.645812
26.465896
26.185075
24.990889
26.172846
26.506993
26.790171
26.248050
26.657847
25.642781
25.854260
25.707360
26.890465
27.007047
26.052008
26.284982
25.925944
26.362758
26.435013
26.961740
26.480189
25.661906
25.848084
26.457709
26.756239
26.809020
26.583735
26.973680
26.959935
26.333250
26.687160
27.234875
25.745520
26.261309
25.421419
25.970034
26.031081
26.579852
26.364599
26.628641
26.865475
26.255894
26.434336
25.996667
25.638839
26.822457
26.132493
26.776251
26.516922
26.245078
25.754116
25.556334
25.606334
25.314638
25.136584
25.656539
26.244373
25.297333
25.994559
26.281408
26.433875
26.605295
26.631916
26.134307
26.063521
26.474896
25.311621
25.927335
26.186447
26.457425
26.229102
25.967816
26.125471
26.313693
24.415232
24.735146
25.203180
25.177052
25.255257
24.825447
25.155047
25.850386
25.901479
25.716859
25.212037
25.250457
25.302715
25.524942
26.630942
26.286991
26.613153
26.508911
26.844777
26.669909
27.592864
26.617870
26.481523
25.806231
25.994529
25.700276
26.493129
27.371010
28.309040
27.729403
27.164843
28.098537
26.278271
26.499711
25.596316
26.130306
26.287558
26.634838
26.455009
26.778161
25.819926
25.935383
25.557612
25.247587
25.869267
25.323640
25.745304
25.452573
25.642962
25.998513
25.727935
26.262183
25.508197
26.091831
25.276994
26.256441
27.001186
26.320157
26.357693
26.033924
25.881535
25.811667
25.732614
26.496530
26.188741
26.191921
27.135390
26.064543
26.536519
26.732435
26.228317
26.714463
26.145008
27.516298
27.416965
26.724629
27.089363
27.094498
27.229357
26.902519
27.082162
27.289301
26.690242
27.386919
27.040329
26.481476
27.233469
27.084572
26.940028
27.064245
26.466386
27.076403
26.785426
27.222135
26.932668
26.417141
26.584353
26.214174
27.064224
25.841995
26.651624
25.634918
25.888853
26.047640
25.221754
25.973028
27.002043
26.027188
26.462872
26.361809
26.877363
26.624053
26.275467
26.982398
26.419660
26.871404
27.254147
27.389935
26.524844
27.188313
27.200454
27.345091
26.606415
27.158159
28.523448
27.659315
27.355464
27.481033
28.155573
27.112918
27.088904
27.429401
28.463802
27.381919
28.194529
28.311112
27.971083
27.979746
27.862590
26.878824
27.219824
27.485760
28.016309
27.654699
28.368656
27.598407
27.430141
27.796384
27.165950
27.288998
26.234022
26.872823
26.245363
25.541094
26.459707
26.216396
26.106273
26.985330
26.314023
27.704341
27.193215
27.419641
27.244112
26.755035
26.606268
27.109436
26.785576
26.856373
27.224196
27.750503
27.367979
27.594707
27.287081
27.225668
27.746569
28.245126
27.377043
28.491021
27.617471
27.589728
27.105291
27.309451
26.934819
26.843649
27.694121
27.073684
27.539912
27.440465
27.093009
27.721223
25.766104
27.248788
26.929199
27.625949
28.316554
27.900417
27.882639
27.639848
26.335465
26.075275
25.593817
26.078867
25.856296
26.511031
26.708126
27.183240
27.237750
26.845048
26.567570
26.523298
28.054453
27.631261
27.199577
27.428458
27.911009
27.268641
27.498080
27.744080
27.772615
27.299940
